READ MEAN QUALITY,Read1,Q2 Reads,1170
READ MEAN QUALITY,Read1,Q15 Reads,3
READ MEAN QUALITY,Read1,Q16 Reads,6
READ MEAN QUALITY,Read1,Q17 Reads,19
READ MEAN QUALITY,Read1,Q18 Reads,81
READ MEAN QUALITY,Read1,Q19 Reads,189
READ MEAN QUALITY,Read1,Q20 Reads,565
READ MEAN QUALITY,Read1,Q21 Reads,1443
READ MEAN QUALITY,Read1,Q22 Reads,3474
READ MEAN QUALITY,Read1,Q23 Reads,7211
READ MEAN QUALITY,Read1,Q24 Reads,13375
READ MEAN QUALITY,Read1,Q25 Reads,22938
READ MEAN QUALITY,Read1,Q26 Reads,37650
READ MEAN QUALITY,Read1,Q27 Reads,62337
READ MEAN QUALITY,Read1,Q28 Reads,97522
READ MEAN QUALITY,Read1,Q29 Reads,149504
READ MEAN QUALITY,Read1,Q30 Reads,210147
READ MEAN QUALITY,Read1,Q31 Reads,287473
READ MEAN QUALITY,Read1,Q32 Reads,377322
READ MEAN QUALITY,Read1,Q33 Reads,521398
READ MEAN QUALITY,Read1,Q34 Reads,784331
READ MEAN QUALITY,Read1,Q35 Reads,1673492
READ MEAN QUALITY,Read1,Q36 Reads,9774811
READ MEAN QUALITY,Read1,Q37 Reads,47494583
POSITIONAL BASE MEAN QUALITY,Read1,ReadPos 1 A Average Quality,36.72
POSITIONAL BASE MEAN QUALITY,Read1,ReadPos 2 A Average Quality,36.49
POSITIONAL BASE MEAN QUALITY,Read1,ReadPos 3 A Average Quality,36.57
POSITIONAL BASE MEAN QUALITY,Read1,ReadPos 4 A Average Quality,36.50
POSITIONAL BASE MEAN QUALITY,Read1,ReadPos 5 A Average Quality,36.54
POSITIONAL BASE MEAN QUALITY,Read1,ReadPos 6 A Average Quality,36.50
POSITIONAL BASE MEAN QUALITY,Read1,ReadPos 7 A Average Quality,36.45
POSITIONAL BASE MEAN QUALITY,Read1,ReadPos 8 A Average Quality,36.49
POSITIONAL BASE MEAN QUALITY,Read1,ReadPos 9 A Average Quality,36.51
POSITIONAL BASE MEAN QUALITY,Read1,ReadPos 10 A Average Quality,36.51
POSITIONAL BASE MEAN QUALITY,Read1,ReadPos 11 A Average Quality,36.55
POSITIONAL BASE MEAN QUALITY,Read1,ReadPos 12 A Average Quality,36.57
POSITIONAL BASE MEAN QUALITY,Read1,ReadPos 13 A Average Quality,36.55
POSITIONAL BASE MEAN QUALITY,Read1,ReadPos 14 A Average Quality,36.49
POSITIONAL BASE MEAN QUALITY,Read1,ReadPos 15 A Average Quality,36.50
POSITIONAL BASE MEAN QUALITY,Read1,ReadPos 16 A Average Quality,36.50
POSITIONAL BASE MEAN QUALITY,Read1,ReadPos 17 A Average Quality,36.52
POSITIONAL BASE MEAN QUALITY,Read1,ReadPos 18 A Average Quality,36.51
POSITIONAL BASE MEAN QUALITY,Read1,ReadPos 19 A Average Quality,36.50
POSITIONAL BASE MEAN QUALITY,Read1,ReadPos 20 A Average Quality,36.51
POSITIONAL BASE MEAN QUALITY,Read1,ReadPos 21 A Average Quality,36.51
POSITIONAL BASE MEAN QUALITY,Read1,ReadPos 22 A Average Quality,36.49
POSITIONAL BASE MEAN QUALITY,Read1,ReadPos 23 A Average Quality,36.49
POSITIONAL BASE MEAN QUALITY,Read1,ReadPos 24 A Average Quality,36.46
POSITIONAL BASE MEAN QUALITY,Read1,ReadPos 25 A Average Quality,36.49
POSITIONAL BASE MEAN QUALITY,Read1,ReadPos 26 A Average Quality,36.44
POSITIONAL BASE MEAN QUALITY,Read1,ReadPos 27 A Average Quality,36.45
POSITIONAL BASE MEAN QUALITY,Read1,ReadPos 28 A Average Quality,36.43
POSITIONAL BASE MEAN QUALITY,Read1,ReadPos 29 A Average Quality,36.42
POSITIONAL BASE MEAN QUALITY,Read1,ReadPos 30 A Average Quality,36.44
POSITIONAL BASE MEAN QUALITY,Read1,ReadPos 31 A Average Quality,36.43
POSITIONAL BASE MEAN QUALITY,Read1,ReadPos 32 A Average Quality,36.44
POSITIONAL BASE MEAN QUALITY,Read1,ReadPos 33 A Average Quality,36.43
POSITIONAL BASE MEAN QUALITY,Read1,ReadPos 34 A Average Quality,36.40
POSITIONAL BASE MEAN QUALITY,Read1,ReadPos 35 A Average Quality,36.43
POSITIONAL BASE MEAN QUALITY,Read1,ReadPos 36 A Average Quality,36.42
POSITIONAL BASE MEAN QUALITY,Read1,ReadPos 37 A Average Quality,36.41
POSITIONAL BASE MEAN QUALITY,Read1,ReadPos 38 A Average Quality,36.39
POSITIONAL BASE MEAN QUALITY,Read1,ReadPos 39 A Average Quality,36.35
POSITIONAL BASE MEAN QUALITY,Read1,ReadPos 40 A Average Quality,36.43
POSITIONAL BASE MEAN QUALITY,Read1,ReadPos 41 A Average Quality,36.40
POSITIONAL BASE MEAN QUALITY,Read1,ReadPos 42 A Average Quality,36.35
POSITIONAL BASE MEAN QUALITY,Read1,ReadPos 43 A Average Quality,36.37
POSITIONAL BASE MEAN QUALITY,Read1,ReadPos 44 A Average Quality,36.38
POSITIONAL BASE MEAN QUALITY,Read1,ReadPos 45 A Average Quality,36.39
POSITIONAL BASE MEAN QUALITY,Read1,ReadPos 46 A Average Quality,36.37
POSITIONAL BASE MEAN QUALITY,Read1,ReadPos 47 A Average Quality,36.36
POSITIONAL BASE MEAN QUALITY,Read1,ReadPos 48 A Average Quality,36.39
POSITIONAL BASE MEAN QUALITY,Read1,ReadPos 49 A Average Quality,36.35
POSITIONAL BASE MEAN QUALITY,Read1,ReadPos 50 A Average Quality,36.34
POSITIONAL BASE MEAN QUALITY,Read1,ReadPos 51 A Average Quality,36.32
POSITIONAL BASE MEAN QUALITY,Read1,ReadPos 52 A Average Quality,36.33
POSITIONAL BASE MEAN QUALITY,Read1,ReadPos 53 A Average Quality,36.33
POSITIONAL BASE MEAN QUALITY,Read1,ReadPos 54 A Average Quality,36.33
POSITIONAL BASE MEAN QUALITY,Read1,ReadPos 55 A Average Quality,36.33
POSITIONAL BASE MEAN QUALITY,Read1,ReadPos 56 A Average Quality,36.30
POSITIONAL BASE MEAN QUALITY,Read1,ReadPos 57 A Average Quality,36.31
POSITIONAL BASE MEAN QUALITY,Read1,ReadPos 58 A Average Quality,36.33
POSITIONAL BASE MEAN QUALITY,Read1,ReadPos 59 A Average Quality,36.31
POSITIONAL BASE MEAN QUALITY,Read1,ReadPos 60 A Average Quality,36.30
POSITIONAL BASE MEAN QUALITY,Read1,ReadPos 61 A Average Quality,36.29
POSITIONAL BASE MEAN QUALITY,Read1,ReadPos 62 A Average Quality,36.28
POSITIONAL BASE MEAN QUALITY,Read1,ReadPos 63 A Average Quality,36.27
POSITIONAL BASE MEAN QUALITY,Read1,ReadPos 64 A Average Quality,36.27
POSITIONAL BASE MEAN QUALITY,Read1,ReadPos 65 A Average Quality,36.26
POSITIONAL BASE MEAN QUALITY,Read1,ReadPos 66 A Average Quality,36.26
POSITIONAL BASE MEAN QUALITY,Read1,ReadPos 67 A Average Quality,36.22
POSITIONAL BASE MEAN QUALITY,Read1,ReadPos 68 A Average Quality,36.14
POSITIONAL BASE MEAN QUALITY,Read1,ReadPos 69 A Average Quality,36.20
POSITIONAL BASE MEAN QUALITY,Read1,ReadPos 70 A Average Quality,36.24
POSITIONAL BASE MEAN QUALITY,Read1,ReadPos 71 A Average Quality,36.21
POSITIONAL BASE MEAN QUALITY,Read1,ReadPos 72 A Average Quality,36.23
POSITIONAL BASE MEAN QUALITY,Read1,ReadPos 73 A Average Quality,36.20
POSITIONAL BASE MEAN QUALITY,Read1,ReadPos 74 A Average Quality,36.14
POSITIONAL BASE MEAN QUALITY,Read1,ReadPos 75 A Average Quality,36.16
POSITIONAL BASE MEAN QUALITY,Read1,ReadPos 76 A Average Quality,36.20
POSITIONAL BASE MEAN QUALITY,Read1,ReadPos 77 A Average Quality,36.19
POSITIONAL BASE MEAN QUALITY,Read1,ReadPos 78 A Average Quality,36.14
POSITIONAL BASE MEAN QUALITY,Read1,ReadPos 79 A Average Quality,36.15
POSITIONAL BASE MEAN QUALITY,Read1,ReadPos 80 A Average Quality,36.15
POSITIONAL BASE MEAN QUALITY,Read1,ReadPos 81 A Average Quality,36.13
POSITIONAL BASE MEAN QUALITY,Read1,ReadPos 82 A Average Quality,36.15
POSITIONAL BASE MEAN QUALITY,Read1,ReadPos 83 A Average Quality,36.15
POSITIONAL BASE MEAN QUALITY,Read1,ReadPos 84 A Average Quality,36.12
POSITIONAL BASE MEAN QUALITY,Read1,ReadPos 85 A Average Quality,36.13
POSITIONAL BASE MEAN QUALITY,Read1,ReadPos 86 A Average Quality,36.14
POSITIONAL BASE MEAN QUALITY,Read1,ReadPos 87 A Average Quality,36.10
POSITIONAL BASE MEAN QUALITY,Read1,ReadPos 88 A Average Quality,36.11
POSITIONAL BASE MEAN QUALITY,Read1,ReadPos 89 A Average Quality,36.10
POSITIONAL BASE MEAN QUALITY,Read1,ReadPos 90 A Average Quality,36.09
POSITIONAL BASE MEAN QUALITY,Read1,ReadPos 91 A Average Quality,36.09
POSITIONAL BASE MEAN QUALITY,Read1,ReadPos 92 A Average Quality,36.07
POSITIONAL BASE MEAN QUALITY,Read1,ReadPos 93 A Average Quality,36.09
POSITIONAL BASE MEAN QUALITY,Read1,ReadPos 94 A Average Quality,36.10
POSITIONAL BASE MEAN QUALITY,Read1,ReadPos 95 A Average Quality,36.09
POSITIONAL BASE MEAN QUALITY,Read1,ReadPos 96 A Average Quality,36.09
POSITIONAL BASE MEAN QUALITY,Read1,ReadPos 97 A Average Quality,36.08
POSITIONAL BASE MEAN QUALITY,Read1,ReadPos 98 A Average Quality,36.06
POSITIONAL BASE MEAN QUALITY,Read1,ReadPos 99 A Average Quality,36.04
POSITIONAL BASE MEAN QUALITY,Read1,ReadPos 100 A Average Quality,36.02
POSITIONAL BASE MEAN QUALITY,Read1,ReadPos 101 A Average Quality,NA
POSITIONAL BASE MEAN QUALITY,Read1,ReadPos 1 C Average Quality,36.62
POSITIONAL BASE MEAN QUALITY,Read1,ReadPos 2 C Average Quality,36.64
POSITIONAL BASE MEAN QUALITY,Read1,ReadPos 3 C Average Quality,36.73
POSITIONAL BASE MEAN QUALITY,Read1,ReadPos 4 C Average Quality,36.74
POSITIONAL BASE MEAN QUALITY,Read1,ReadPos 5 C Average Quality,36.72
POSITIONAL BASE MEAN QUALITY,Read1,ReadPos 6 C Average Quality,36.75
POSITIONAL BASE MEAN QUALITY,Read1,ReadPos 7 C Average Quality,36.68
POSITIONAL BASE MEAN QUALITY,Read1,ReadPos 8 C Average Quality,36.72
POSITIONAL BASE MEAN QUALITY,Read1,ReadPos 9 C Average Quality,36.73
POSITIONAL BASE MEAN QUALITY,Read1,ReadPos 10 C Average Quality,36.71
POSITIONAL BASE MEAN QUALITY,Read1,ReadPos 11 C Average Quality,36.77
POSITIONAL BASE MEAN QUALITY,Read1,ReadPos 12 C Average Quality,36.75
POSITIONAL BASE MEAN QUALITY,Read1,ReadPos 13 C Average Quality,36.72
POSITIONAL BASE MEAN QUALITY,Read1,ReadPos 14 C Average Quality,36.72
POSITIONAL BASE MEAN QUALITY,Read1,ReadPos 15 C Average Quality,36.70
POSITIONAL BASE MEAN QUALITY,Read1,ReadPos 16 C Average Quality,36.73
POSITIONAL BASE MEAN QUALITY,Read1,ReadPos 17 C Average Quality,36.72
POSITIONAL BASE MEAN QUALITY,Read1,ReadPos 18 C Average Quality,36.71
POSITIONAL BASE MEAN QUALITY,Read1,ReadPos 19 C Average Quality,36.71
POSITIONAL BASE MEAN QUALITY,Read1,ReadPos 20 C Average Quality,36.72
POSITIONAL BASE MEAN QUALITY,Read1,ReadPos 21 C Average Quality,36.72
POSITIONAL BASE MEAN QUALITY,Read1,ReadPos 22 C Average Quality,36.71
POSITIONAL BASE MEAN QUALITY,Read1,ReadPos 23 C Average Quality,36.69
POSITIONAL BASE MEAN QUALITY,Read1,ReadPos 24 C Average Quality,36.69
POSITIONAL BASE MEAN QUALITY,Read1,ReadPos 25 C Average Quality,36.70
POSITIONAL BASE MEAN QUALITY,Read1,ReadPos 26 C Average Quality,36.68
POSITIONAL BASE MEAN QUALITY,Read1,ReadPos 27 C Average Quality,36.66
POSITIONAL BASE MEAN QUALITY,Read1,ReadPos 28 C Average Quality,36.67
POSITIONAL BASE MEAN QUALITY,Read1,ReadPos 29 C Average Quality,36.67
POSITIONAL BASE MEAN QUALITY,Read1,ReadPos 30 C Average Quality,36.66
POSITIONAL BASE MEAN QUALITY,Read1,ReadPos 31 C Average Quality,36.65
POSITIONAL BASE MEAN QUALITY,Read1,ReadPos 32 C Average Quality,36.64
POSITIONAL BASE MEAN QUALITY,Read1,ReadPos 33 C Average Quality,36.65
POSITIONAL BASE MEAN QUALITY,Read1,ReadPos 34 C Average Quality,36.63
POSITIONAL BASE MEAN QUALITY,Read1,ReadPos 35 C Average Quality,36.63
POSITIONAL BASE MEAN QUALITY,Read1,ReadPos 36 C Average Quality,36.63
POSITIONAL BASE MEAN QUALITY,Read1,ReadPos 37 C Average Quality,36.63
POSITIONAL BASE MEAN QUALITY,Read1,ReadPos 38 C Average Quality,36.61
POSITIONAL BASE MEAN QUALITY,Read1,ReadPos 39 C Average Quality,36.60
POSITIONAL BASE MEAN QUALITY,Read1,ReadPos 40 C Average Quality,36.60
POSITIONAL BASE MEAN QUALITY,Read1,ReadPos 41 C Average Quality,36.60
POSITIONAL BASE MEAN QUALITY,Read1,ReadPos 42 C Average Quality,36.58
POSITIONAL BASE MEAN QUALITY,Read1,ReadPos 43 C Average Quality,36.59
POSITIONAL BASE MEAN QUALITY,Read1,ReadPos 44 C Average Quality,36.57
POSITIONAL BASE MEAN QUALITY,Read1,ReadPos 45 C Average Quality,36.58
POSITIONAL BASE MEAN QUALITY,Read1,ReadPos 46 C Average Quality,36.57
POSITIONAL BASE MEAN QUALITY,Read1,ReadPos 47 C Average Quality,36.57
POSITIONAL BASE MEAN QUALITY,Read1,ReadPos 48 C Average Quality,36.56
POSITIONAL BASE MEAN QUALITY,Read1,ReadPos 49 C Average Quality,36.55
POSITIONAL BASE MEAN QUALITY,Read1,ReadPos 50 C Average Quality,36.55
POSITIONAL BASE MEAN QUALITY,Read1,ReadPos 51 C Average Quality,36.56
POSITIONAL BASE MEAN QUALITY,Read1,ReadPos 52 C Average Quality,36.57
POSITIONAL BASE MEAN QUALITY,Read1,ReadPos 53 C Average Quality,36.55
POSITIONAL BASE MEAN QUALITY,Read1,ReadPos 54 C Average Quality,36.56
POSITIONAL BASE MEAN QUALITY,Read1,ReadPos 55 C Average Quality,36.56
POSITIONAL BASE MEAN QUALITY,Read1,ReadPos 56 C Average Quality,36.54
POSITIONAL BASE MEAN QUALITY,Read1,ReadPos 57 C Average Quality,36.55
POSITIONAL BASE MEAN QUALITY,Read1,ReadPos 58 C Average Quality,36.52
POSITIONAL BASE MEAN QUALITY,Read1,ReadPos 59 C Average Quality,36.52
POSITIONAL BASE MEAN QUALITY,Read1,ReadPos 60 C Average Quality,36.52
POSITIONAL BASE MEAN QUALITY,Read1,ReadPos 61 C Average Quality,36.52
POSITIONAL BASE MEAN QUALITY,Read1,ReadPos 62 C Average Quality,36.52
POSITIONAL BASE MEAN QUALITY,Read1,ReadPos 63 C Average Quality,36.53
POSITIONAL BASE MEAN QUALITY,Read1,ReadPos 64 C Average Quality,36.52
POSITIONAL BASE MEAN QUALITY,Read1,ReadPos 65 C Average Quality,36.51
POSITIONAL BASE MEAN QUALITY,Read1,ReadPos 66 C Average Quality,36.51
POSITIONAL BASE MEAN QUALITY,Read1,ReadPos 67 C Average Quality,36.51
POSITIONAL BASE MEAN QUALITY,Read1,ReadPos 68 C Average Quality,36.46
POSITIONAL BASE MEAN QUALITY,Read1,ReadPos 69 C Average Quality,36.50
POSITIONAL BASE MEAN QUALITY,Read1,ReadPos 70 C Average Quality,36.50
POSITIONAL BASE MEAN QUALITY,Read1,ReadPos 71 C Average Quality,36.48
POSITIONAL BASE MEAN QUALITY,Read1,ReadPos 72 C Average Quality,36.48
POSITIONAL BASE MEAN QUALITY,Read1,ReadPos 73 C Average Quality,36.45
POSITIONAL BASE MEAN QUALITY,Read1,ReadPos 74 C Average Quality,36.46
POSITIONAL BASE MEAN QUALITY,Read1,ReadPos 75 C Average Quality,36.46
POSITIONAL BASE MEAN QUALITY,Read1,ReadPos 76 C Average Quality,36.47
POSITIONAL BASE MEAN QUALITY,Read1,ReadPos 77 C Average Quality,36.45
POSITIONAL BASE MEAN QUALITY,Read1,ReadPos 78 C Average Quality,36.44
POSITIONAL BASE MEAN QUALITY,Read1,ReadPos 79 C Average Quality,36.43
POSITIONAL BASE MEAN QUALITY,Read1,ReadPos 80 C Average Quality,36.43
POSITIONAL BASE MEAN QUALITY,Read1,ReadPos 81 C Average Quality,36.43
POSITIONAL BASE MEAN QUALITY,Read1,ReadPos 82 C Average Quality,36.45
POSITIONAL BASE MEAN QUALITY,Read1,ReadPos 83 C Average Quality,36.45
POSITIONAL BASE MEAN QUALITY,Read1,ReadPos 84 C Average Quality,36.42
POSITIONAL BASE MEAN QUALITY,Read1,ReadPos 85 C Average Quality,36.43
POSITIONAL BASE MEAN QUALITY,Read1,ReadPos 86 C Average Quality,36.42
POSITIONAL BASE MEAN QUALITY,Read1,ReadPos 87 C Average Quality,36.42
POSITIONAL BASE MEAN QUALITY,Read1,ReadPos 88 C Average Quality,36.42
POSITIONAL BASE MEAN QUALITY,Read1,ReadPos 89 C Average Quality,36.41
POSITIONAL BASE MEAN QUALITY,Read1,ReadPos 90 C Average Quality,36.41
POSITIONAL BASE MEAN QUALITY,Read1,ReadPos 91 C Average Quality,36.38
POSITIONAL BASE MEAN QUALITY,Read1,ReadPos 92 C Average Quality,36.39
POSITIONAL BASE MEAN QUALITY,Read1,ReadPos 93 C Average Quality,36.41
POSITIONAL BASE MEAN QUALITY,Read1,ReadPos 94 C Average Quality,36.41
POSITIONAL BASE MEAN QUALITY,Read1,ReadPos 95 C Average Quality,36.40
POSITIONAL BASE MEAN QUALITY,Read1,ReadPos 96 C Average Quality,36.39
POSITIONAL BASE MEAN QUALITY,Read1,ReadPos 97 C Average Quality,36.38
POSITIONAL BASE MEAN QUALITY,Read1,ReadPos 98 C Average Quality,36.39
POSITIONAL BASE MEAN QUALITY,Read1,ReadPos 99 C Average Quality,36.38
POSITIONAL BASE MEAN QUALITY,Read1,ReadPos 100 C Average Quality,36.38
POSITIONAL BASE MEAN QUALITY,Read1,ReadPos 101 C Average Quality,35.85
POSITIONAL BASE MEAN QUALITY,Read1,ReadPos 1 G Average Quality,36.75
POSITIONAL BASE MEAN QUALITY,Read1,ReadPos 2 G Average Quality,36.72
POSITIONAL BASE MEAN QUALITY,Read1,ReadPos 3 G Average Quality,36.71
POSITIONAL BASE MEAN QUALITY,Read1,ReadPos 4 G Average Quality,36.73
POSITIONAL BASE MEAN QUALITY,Read1,ReadPos 5 G Average Quality,36.75
POSITIONAL BASE MEAN QUALITY,Read1,ReadPos 6 G Average Quality,36.75
POSITIONAL BASE MEAN QUALITY,Read1,ReadPos 7 G Average Quality,36.69
POSITIONAL BASE MEAN QUALITY,Read1,ReadPos 8 G Average Quality,36.73
POSITIONAL BASE MEAN QUALITY,Read1,ReadPos 9 G Average Quality,36.70
POSITIONAL BASE MEAN QUALITY,Read1,ReadPos 10 G Average Quality,36.71
POSITIONAL BASE MEAN QUALITY,Read1,ReadPos 11 G Average Quality,36.75
POSITIONAL BASE MEAN QUALITY,Read1,ReadPos 12 G Average Quality,36.75
POSITIONAL BASE MEAN QUALITY,Read1,ReadPos 13 G Average Quality,36.73
POSITIONAL BASE MEAN QUALITY,Read1,ReadPos 14 G Average Quality,36.74
POSITIONAL BASE MEAN QUALITY,Read1,ReadPos 15 G Average Quality,36.74
POSITIONAL BASE MEAN QUALITY,Read1,ReadPos 16 G Average Quality,36.74
POSITIONAL BASE MEAN QUALITY,Read1,ReadPos 17 G Average Quality,36.74
POSITIONAL BASE MEAN QUALITY,Read1,ReadPos 18 G Average Quality,36.73
POSITIONAL BASE MEAN QUALITY,Read1,ReadPos 19 G Average Quality,36.74
POSITIONAL BASE MEAN QUALITY,Read1,ReadPos 20 G Average Quality,36.73
POSITIONAL BASE MEAN QUALITY,Read1,ReadPos 21 G Average Quality,36.73
POSITIONAL BASE MEAN QUALITY,Read1,ReadPos 22 G Average Quality,36.73
POSITIONAL BASE MEAN QUALITY,Read1,ReadPos 23 G Average Quality,36.72
POSITIONAL BASE MEAN QUALITY,Read1,ReadPos 24 G Average Quality,36.71
POSITIONAL BASE MEAN QUALITY,Read1,ReadPos 25 G Average Quality,36.71
POSITIONAL BASE MEAN QUALITY,Read1,ReadPos 26 G Average Quality,36.69
POSITIONAL BASE MEAN QUALITY,Read1,ReadPos 27 G Average Quality,36.69
POSITIONAL BASE MEAN QUALITY,Read1,ReadPos 28 G Average Quality,36.68
POSITIONAL BASE MEAN QUALITY,Read1,ReadPos 29 G Average Quality,36.67
POSITIONAL BASE MEAN QUALITY,Read1,ReadPos 30 G Average Quality,36.69
POSITIONAL BASE MEAN QUALITY,Read1,ReadPos 31 G Average Quality,36.68
POSITIONAL BASE MEAN QUALITY,Read1,ReadPos 32 G Average Quality,36.68
POSITIONAL BASE MEAN QUALITY,Read1,ReadPos 33 G Average Quality,36.68
POSITIONAL BASE MEAN QUALITY,Read1,ReadPos 34 G Average Quality,36.67
POSITIONAL BASE MEAN QUALITY,Read1,ReadPos 35 G Average Quality,36.66
POSITIONAL BASE MEAN QUALITY,Read1,ReadPos 36 G Average Quality,36.68
POSITIONAL BASE MEAN QUALITY,Read1,ReadPos 37 G Average Quality,36.67
POSITIONAL BASE MEAN QUALITY,Read1,ReadPos 38 G Average Quality,36.66
POSITIONAL BASE MEAN QUALITY,Read1,ReadPos 39 G Average Quality,36.65
POSITIONAL BASE MEAN QUALITY,Read1,ReadPos 40 G Average Quality,36.65
POSITIONAL BASE MEAN QUALITY,Read1,ReadPos 41 G Average Quality,36.65
POSITIONAL BASE MEAN QUALITY,Read1,ReadPos 42 G Average Quality,36.64
POSITIONAL BASE MEAN QUALITY,Read1,ReadPos 43 G Average Quality,36.63
POSITIONAL BASE MEAN QUALITY,Read1,ReadPos 44 G Average Quality,36.64
POSITIONAL BASE MEAN QUALITY,Read1,ReadPos 45 G Average Quality,36.63
POSITIONAL BASE MEAN QUALITY,Read1,ReadPos 46 G Average Quality,36.64
POSITIONAL BASE MEAN QUALITY,Read1,ReadPos 47 G Average Quality,36.63
POSITIONAL BASE MEAN QUALITY,Read1,ReadPos 48 G Average Quality,36.62
POSITIONAL BASE MEAN QUALITY,Read1,ReadPos 49 G Average Quality,36.62
POSITIONAL BASE MEAN QUALITY,Read1,ReadPos 50 G Average Quality,36.61
POSITIONAL BASE MEAN QUALITY,Read1,ReadPos 51 G Average Quality,36.60
POSITIONAL BASE MEAN QUALITY,Read1,ReadPos 52 G Average Quality,36.61
POSITIONAL BASE MEAN QUALITY,Read1,ReadPos 53 G Average Quality,36.62
POSITIONAL BASE MEAN QUALITY,Read1,ReadPos 54 G Average Quality,36.60
POSITIONAL BASE MEAN QUALITY,Read1,ReadPos 55 G Average Quality,36.61
POSITIONAL BASE MEAN QUALITY,Read1,ReadPos 56 G Average Quality,36.60
POSITIONAL BASE MEAN QUALITY,Read1,ReadPos 57 G Average Quality,36.60
POSITIONAL BASE MEAN QUALITY,Read1,ReadPos 58 G Average Quality,36.59
POSITIONAL BASE MEAN QUALITY,Read1,ReadPos 59 G Average Quality,36.59
POSITIONAL BASE MEAN QUALITY,Read1,ReadPos 60 G Average Quality,36.58
POSITIONAL BASE MEAN QUALITY,Read1,ReadPos 61 G Average Quality,36.58
POSITIONAL BASE MEAN QUALITY,Read1,ReadPos 62 G Average Quality,36.58
POSITIONAL BASE MEAN QUALITY,Read1,ReadPos 63 G Average Quality,36.57
POSITIONAL BASE MEAN QUALITY,Read1,ReadPos 64 G Average Quality,36.58
POSITIONAL BASE MEAN QUALITY,Read1,ReadPos 65 G Average Quality,36.59
POSITIONAL BASE MEAN QUALITY,Read1,ReadPos 66 G Average Quality,36.58
POSITIONAL BASE MEAN QUALITY,Read1,ReadPos 67 G Average Quality,36.57
POSITIONAL BASE MEAN QUALITY,Read1,ReadPos 68 G Average Quality,36.55
POSITIONAL BASE MEAN QUALITY,Read1,ReadPos 69 G Average Quality,36.56
POSITIONAL BASE MEAN QUALITY,Read1,ReadPos 70 G Average Quality,36.56
POSITIONAL BASE MEAN QUALITY,Read1,ReadPos 71 G Average Quality,36.56
POSITIONAL BASE MEAN QUALITY,Read1,ReadPos 72 G Average Quality,36.57
POSITIONAL BASE MEAN QUALITY,Read1,ReadPos 73 G Average Quality,36.54
POSITIONAL BASE MEAN QUALITY,Read1,ReadPos 74 G Average Quality,36.52
POSITIONAL BASE MEAN QUALITY,Read1,ReadPos 75 G Average Quality,36.53
POSITIONAL BASE MEAN QUALITY,Read1,ReadPos 76 G Average Quality,36.55
POSITIONAL BASE MEAN QUALITY,Read1,ReadPos 77 G Average Quality,36.54
POSITIONAL BASE MEAN QUALITY,Read1,ReadPos 78 G Average Quality,36.53
POSITIONAL BASE MEAN QUALITY,Read1,ReadPos 79 G Average Quality,36.54
POSITIONAL BASE MEAN QUALITY,Read1,ReadPos 80 G Average Quality,36.54
POSITIONAL BASE MEAN QUALITY,Read1,ReadPos 81 G Average Quality,36.53
POSITIONAL BASE MEAN QUALITY,Read1,ReadPos 82 G Average Quality,36.54
POSITIONAL BASE MEAN QUALITY,Read1,ReadPos 83 G Average Quality,36.52
POSITIONAL BASE MEAN QUALITY,Read1,ReadPos 84 G Average Quality,36.53
POSITIONAL BASE MEAN QUALITY,Read1,ReadPos 85 G Average Quality,36.51
POSITIONAL BASE MEAN QUALITY,Read1,ReadPos 86 G Average Quality,36.51
POSITIONAL BASE MEAN QUALITY,Read1,ReadPos 87 G Average Quality,36.51
POSITIONAL BASE MEAN QUALITY,Read1,ReadPos 88 G Average Quality,36.51
POSITIONAL BASE MEAN QUALITY,Read1,ReadPos 89 G Average Quality,36.52
POSITIONAL BASE MEAN QUALITY,Read1,ReadPos 90 G Average Quality,36.49
POSITIONAL BASE MEAN QUALITY,Read1,ReadPos 91 G Average Quality,36.50
POSITIONAL BASE MEAN QUALITY,Read1,ReadPos 92 G Average Quality,36.51
POSITIONAL BASE MEAN QUALITY,Read1,ReadPos 93 G Average Quality,36.50
POSITIONAL BASE MEAN QUALITY,Read1,ReadPos 94 G Average Quality,36.50
POSITIONAL BASE MEAN QUALITY,Read1,ReadPos 95 G Average Quality,36.50
POSITIONAL BASE MEAN QUALITY,Read1,ReadPos 96 G Average Quality,36.48
POSITIONAL BASE MEAN QUALITY,Read1,ReadPos 97 G Average Quality,36.51
POSITIONAL BASE MEAN QUALITY,Read1,ReadPos 98 G Average Quality,36.48
POSITIONAL BASE MEAN QUALITY,Read1,ReadPos 99 G Average Quality,36.49
POSITIONAL BASE MEAN QUALITY,Read1,ReadPos 100 G Average Quality,36.51
POSITIONAL BASE MEAN QUALITY,Read1,ReadPos 101 G Average Quality,36.31
POSITIONAL BASE MEAN QUALITY,Read1,ReadPos 1 T Average Quality,36.75
POSITIONAL BASE MEAN QUALITY,Read1,ReadPos 2 T Average Quality,36.47
POSITIONAL BASE MEAN QUALITY,Read1,ReadPos 3 T Average Quality,36.62
POSITIONAL BASE MEAN QUALITY,Read1,ReadPos 4 T Average Quality,36.61
POSITIONAL BASE MEAN QUALITY,Read1,ReadPos 5 T Average Quality,36.65
POSITIONAL BASE MEAN QUALITY,Read1,ReadPos 6 T Average Quality,36.60
POSITIONAL BASE MEAN QUALITY,Read1,ReadPos 7 T Average Quality,36.60
POSITIONAL BASE MEAN QUALITY,Read1,ReadPos 8 T Average Quality,36.61
POSITIONAL BASE MEAN QUALITY,Read1,ReadPos 9 T Average Quality,36.61
POSITIONAL BASE MEAN QUALITY,Read1,ReadPos 10 T Average Quality,36.63
POSITIONAL BASE MEAN QUALITY,Read1,ReadPos 11 T Average Quality,36.59
POSITIONAL BASE MEAN QUALITY,Read1,ReadPos 12 T Average Quality,36.59
POSITIONAL BASE MEAN QUALITY,Read1,ReadPos 13 T Average Quality,36.60
POSITIONAL BASE MEAN QUALITY,Read1,ReadPos 14 T Average Quality,36.60
POSITIONAL BASE MEAN QUALITY,Read1,ReadPos 15 T Average Quality,36.59
POSITIONAL BASE MEAN QUALITY,Read1,ReadPos 16 T Average Quality,36.59
POSITIONAL BASE MEAN QUALITY,Read1,ReadPos 17 T Average Quality,36.58
POSITIONAL BASE MEAN QUALITY,Read1,ReadPos 18 T Average Quality,36.58
POSITIONAL BASE MEAN QUALITY,Read1,ReadPos 19 T Average Quality,36.59
POSITIONAL BASE MEAN QUALITY,Read1,ReadPos 20 T Average Quality,36.58
POSITIONAL BASE MEAN QUALITY,Read1,ReadPos 21 T Average Quality,36.58
POSITIONAL BASE MEAN QUALITY,Read1,ReadPos 22 T Average Quality,36.57
POSITIONAL BASE MEAN QUALITY,Read1,ReadPos 23 T Average Quality,36.56
POSITIONAL BASE MEAN QUALITY,Read1,ReadPos 24 T Average Quality,36.55
POSITIONAL BASE MEAN QUALITY,Read1,ReadPos 25 T Average Quality,36.57
POSITIONAL BASE MEAN QUALITY,Read1,ReadPos 26 T Average Quality,36.53
POSITIONAL BASE MEAN QUALITY,Read1,ReadPos 27 T Average Quality,36.53
POSITIONAL BASE MEAN QUALITY,Read1,ReadPos 28 T Average Quality,36.52
POSITIONAL BASE MEAN QUALITY,Read1,ReadPos 29 T Average Quality,36.52
POSITIONAL BASE MEAN QUALITY,Read1,ReadPos 30 T Average Quality,36.52
POSITIONAL BASE MEAN QUALITY,Read1,ReadPos 31 T Average Quality,36.51
POSITIONAL BASE MEAN QUALITY,Read1,ReadPos 32 T Average Quality,36.51
POSITIONAL BASE MEAN QUALITY,Read1,ReadPos 33 T Average Quality,36.50
POSITIONAL BASE MEAN QUALITY,Read1,ReadPos 34 T Average Quality,36.50
POSITIONAL BASE MEAN QUALITY,Read1,ReadPos 35 T Average Quality,36.48
POSITIONAL BASE MEAN QUALITY,Read1,ReadPos 36 T Average Quality,36.48
POSITIONAL BASE MEAN QUALITY,Read1,ReadPos 37 T Average Quality,36.47
POSITIONAL BASE MEAN QUALITY,Read1,ReadPos 38 T Average Quality,36.46
POSITIONAL BASE MEAN QUALITY,Read1,ReadPos 39 T Average Quality,36.46
POSITIONAL BASE MEAN QUALITY,Read1,ReadPos 40 T Average Quality,36.47
POSITIONAL BASE MEAN QUALITY,Read1,ReadPos 41 T Average Quality,36.46
POSITIONAL BASE MEAN QUALITY,Read1,ReadPos 42 T Average Quality,36.44
POSITIONAL BASE MEAN QUALITY,Read1,ReadPos 43 T Average Quality,36.37
POSITIONAL BASE MEAN QUALITY,Read1,ReadPos 44 T Average Quality,36.46
POSITIONAL BASE MEAN QUALITY,Read1,ReadPos 45 T Average Quality,36.44
POSITIONAL BASE MEAN QUALITY,Read1,ReadPos 46 T Average Quality,36.43
POSITIONAL BASE MEAN QUALITY,Read1,ReadPos 47 T Average Quality,36.38
POSITIONAL BASE MEAN QUALITY,Read1,ReadPos 48 T Average Quality,36.38
POSITIONAL BASE MEAN QUALITY,Read1,ReadPos 49 T Average Quality,36.40
POSITIONAL BASE MEAN QUALITY,Read1,ReadPos 50 T Average Quality,36.39
POSITIONAL BASE MEAN QUALITY,Read1,ReadPos 51 T Average Quality,36.38
POSITIONAL BASE MEAN QUALITY,Read1,ReadPos 52 T Average Quality,36.38
POSITIONAL BASE MEAN QUALITY,Read1,ReadPos 53 T Average Quality,36.40
POSITIONAL BASE MEAN QUALITY,Read1,ReadPos 54 T Average Quality,36.39
POSITIONAL BASE MEAN QUALITY,Read1,ReadPos 55 T Average Quality,36.39
POSITIONAL BASE MEAN QUALITY,Read1,ReadPos 56 T Average Quality,36.37
POSITIONAL BASE MEAN QUALITY,Read1,ReadPos 57 T Average Quality,36.37
POSITIONAL BASE MEAN QUALITY,Read1,ReadPos 58 T Average Quality,36.36
POSITIONAL BASE MEAN QUALITY,Read1,ReadPos 59 T Average Quality,36.33
POSITIONAL BASE MEAN QUALITY,Read1,ReadPos 60 T Average Quality,36.32
POSITIONAL BASE MEAN QUALITY,Read1,ReadPos 61 T Average Quality,36.35
POSITIONAL BASE MEAN QUALITY,Read1,ReadPos 62 T Average Quality,36.34
POSITIONAL BASE MEAN QUALITY,Read1,ReadPos 63 T Average Quality,36.34
POSITIONAL BASE MEAN QUALITY,Read1,ReadPos 64 T Average Quality,36.36
POSITIONAL BASE MEAN QUALITY,Read1,ReadPos 65 T Average Quality,36.34
POSITIONAL BASE MEAN QUALITY,Read1,ReadPos 66 T Average Quality,36.34
POSITIONAL BASE MEAN QUALITY,Read1,ReadPos 67 T Average Quality,36.32
POSITIONAL BASE MEAN QUALITY,Read1,ReadPos 68 T Average Quality,36.29
POSITIONAL BASE MEAN QUALITY,Read1,ReadPos 69 T Average Quality,36.30
POSITIONAL BASE MEAN QUALITY,Read1,ReadPos 70 T Average Quality,36.32
POSITIONAL BASE MEAN QUALITY,Read1,ReadPos 71 T Average Quality,36.33
POSITIONAL BASE MEAN QUALITY,Read1,ReadPos 72 T Average Quality,36.32
POSITIONAL BASE MEAN QUALITY,Read1,ReadPos 73 T Average Quality,36.30
POSITIONAL BASE MEAN QUALITY,Read1,ReadPos 74 T Average Quality,36.27
POSITIONAL BASE MEAN QUALITY,Read1,ReadPos 75 T Average Quality,36.25
POSITIONAL BASE MEAN QUALITY,Read1,ReadPos 76 T Average Quality,36.32
POSITIONAL BASE MEAN QUALITY,Read1,ReadPos 77 T Average Quality,36.29
POSITIONAL BASE MEAN QUALITY,Read1,ReadPos 78 T Average Quality,36.27
POSITIONAL BASE MEAN QUALITY,Read1,ReadPos 79 T Average Quality,36.28
POSITIONAL BASE MEAN QUALITY,Read1,ReadPos 80 T Average Quality,36.29
POSITIONAL BASE MEAN QUALITY,Read1,ReadPos 81 T Average Quality,36.27
POSITIONAL BASE MEAN QUALITY,Read1,ReadPos 82 T Average Quality,36.27
POSITIONAL BASE MEAN QUALITY,Read1,ReadPos 83 T Average Quality,36.27
POSITIONAL BASE MEAN QUALITY,Read1,ReadPos 84 T Average Quality,36.26
POSITIONAL BASE MEAN QUALITY,Read1,ReadPos 85 T Average Quality,36.27
POSITIONAL BASE MEAN QUALITY,Read1,ReadPos 86 T Average Quality,36.26
POSITIONAL BASE MEAN QUALITY,Read1,ReadPos 87 T Average Quality,36.25
POSITIONAL BASE MEAN QUALITY,Read1,ReadPos 88 T Average Quality,36.26
POSITIONAL BASE MEAN QUALITY,Read1,ReadPos 89 T Average Quality,36.24
POSITIONAL BASE MEAN QUALITY,Read1,ReadPos 90 T Average Quality,36.23
POSITIONAL BASE MEAN QUALITY,Read1,ReadPos 91 T Average Quality,36.22
POSITIONAL BASE MEAN QUALITY,Read1,ReadPos 92 T Average Quality,36.21
POSITIONAL BASE MEAN QUALITY,Read1,ReadPos 93 T Average Quality,36.24
POSITIONAL BASE MEAN QUALITY,Read1,ReadPos 94 T Average Quality,36.24
POSITIONAL BASE MEAN QUALITY,Read1,ReadPos 95 T Average Quality,36.24
POSITIONAL BASE MEAN QUALITY,Read1,ReadPos 96 T Average Quality,36.25
POSITIONAL BASE MEAN QUALITY,Read1,ReadPos 97 T Average Quality,36.24
POSITIONAL BASE MEAN QUALITY,Read1,ReadPos 98 T Average Quality,36.21
POSITIONAL BASE MEAN QUALITY,Read1,ReadPos 99 T Average Quality,36.21
POSITIONAL BASE MEAN QUALITY,Read1,ReadPos 100 T Average Quality,36.20
POSITIONAL BASE MEAN QUALITY,Read1,ReadPos 101 T Average Quality,35.84
POSITIONAL BASE CONTENT,Read1,ReadPos 1 A Bases,5799843
POSITIONAL BASE CONTENT,Read1,ReadPos 2 A Bases,5777282
POSITIONAL BASE CONTENT,Read1,ReadPos 3 A Bases,9539286
POSITIONAL BASE CONTENT,Read1,ReadPos 4 A Bases,14507558
POSITIONAL BASE CONTENT,Read1,ReadPos 5 A Bases,17146352
POSITIONAL BASE CONTENT,Read1,ReadPos 6 A Bases,17107282
POSITIONAL BASE CONTENT,Read1,ReadPos 7 A Bases,13555950
POSITIONAL BASE CONTENT,Read1,ReadPos 8 A Bases,13803110
POSITIONAL BASE CONTENT,Read1,ReadPos 9 A Bases,13676492
POSITIONAL BASE CONTENT,Read1,ReadPos 10 A Bases,21808180
POSITIONAL BASE CONTENT,Read1,ReadPos 11 A Bases,16230653
POSITIONAL BASE CONTENT,Read1,ReadPos 12 A Bases,14521716
POSITIONAL BASE CONTENT,Read1,ReadPos 13 A Bases,16543040
POSITIONAL BASE CONTENT,Read1,ReadPos 14 A Bases,16830400
POSITIONAL BASE CONTENT,Read1,ReadPos 15 A Bases,16255255
POSITIONAL BASE CONTENT,Read1,ReadPos 16 A Bases,15855223
POSITIONAL BASE CONTENT,Read1,ReadPos 17 A Bases,15811261
POSITIONAL BASE CONTENT,Read1,ReadPos 18 A Bases,15836267
POSITIONAL BASE CONTENT,Read1,ReadPos 19 A Bases,15810850
POSITIONAL BASE CONTENT,Read1,ReadPos 20 A Bases,16108635
POSITIONAL BASE CONTENT,Read1,ReadPos 21 A Bases,15801540
POSITIONAL BASE CONTENT,Read1,ReadPos 22 A Bases,16302168
POSITIONAL BASE CONTENT,Read1,ReadPos 23 A Bases,16214326
POSITIONAL BASE CONTENT,Read1,ReadPos 24 A Bases,15936488
POSITIONAL BASE CONTENT,Read1,ReadPos 25 A Bases,16067942
POSITIONAL BASE CONTENT,Read1,ReadPos 26 A Bases,15845241
POSITIONAL BASE CONTENT,Read1,ReadPos 27 A Bases,15884938
POSITIONAL BASE CONTENT,Read1,ReadPos 28 A Bases,16359092
POSITIONAL BASE CONTENT,Read1,ReadPos 29 A Bases,15945018
POSITIONAL BASE CONTENT,Read1,ReadPos 30 A Bases,16087347
POSITIONAL BASE CONTENT,Read1,ReadPos 31 A Bases,15970809
POSITIONAL BASE CONTENT,Read1,ReadPos 32 A Bases,15989065
POSITIONAL BASE CONTENT,Read1,ReadPos 33 A Bases,16157186
POSITIONAL BASE CONTENT,Read1,ReadPos 34 A Bases,16588475
POSITIONAL BASE CONTENT,Read1,ReadPos 35 A Bases,16257863
POSITIONAL BASE CONTENT,Read1,ReadPos 36 A Bases,16138038
POSITIONAL BASE CONTENT,Read1,ReadPos 37 A Bases,16214077
POSITIONAL BASE CONTENT,Read1,ReadPos 38 A Bases,16421698
POSITIONAL BASE CONTENT,Read1,ReadPos 39 A Bases,16658740
POSITIONAL BASE CONTENT,Read1,ReadPos 40 A Bases,16447919
POSITIONAL BASE CONTENT,Read1,ReadPos 41 A Bases,16325812
POSITIONAL BASE CONTENT,Read1,ReadPos 42 A Bases,16919539
POSITIONAL BASE CONTENT,Read1,ReadPos 43 A Bases,16594224
POSITIONAL BASE CONTENT,Read1,ReadPos 44 A Bases,17158936
POSITIONAL BASE CONTENT,Read1,ReadPos 45 A Bases,16255931
POSITIONAL BASE CONTENT,Read1,ReadPos 46 A Bases,16550779
POSITIONAL BASE CONTENT,Read1,ReadPos 47 A Bases,16492890
POSITIONAL BASE CONTENT,Read1,ReadPos 48 A Bases,16774241
POSITIONAL BASE CONTENT,Read1,ReadPos 49 A Bases,16558978
POSITIONAL BASE CONTENT,Read1,ReadPos 50 A Bases,16418006
POSITIONAL BASE CONTENT,Read1,ReadPos 51 A Bases,15995851
POSITIONAL BASE CONTENT,Read1,ReadPos 52 A Bases,16478573
POSITIONAL BASE CONTENT,Read1,ReadPos 53 A Bases,16602953
POSITIONAL BASE CONTENT,Read1,ReadPos 54 A Bases,16923451
POSITIONAL BASE CONTENT,Read1,ReadPos 55 A Bases,16605053
POSITIONAL BASE CONTENT,Read1,ReadPos 56 A Bases,16142530
POSITIONAL BASE CONTENT,Read1,ReadPos 57 A Bases,16096490
POSITIONAL BASE CONTENT,Read1,ReadPos 58 A Bases,16712500
POSITIONAL BASE CONTENT,Read1,ReadPos 59 A Bases,17185956
POSITIONAL BASE CONTENT,Read1,ReadPos 60 A Bases,16103487
POSITIONAL BASE CONTENT,Read1,ReadPos 61 A Bases,16293396
POSITIONAL BASE CONTENT,Read1,ReadPos 62 A Bases,16266217
POSITIONAL BASE CONTENT,Read1,ReadPos 63 A Bases,16174229
POSITIONAL BASE CONTENT,Read1,ReadPos 64 A Bases,16070391
POSITIONAL BASE CONTENT,Read1,ReadPos 65 A Bases,16314211
POSITIONAL BASE CONTENT,Read1,ReadPos 66 A Bases,16419441
POSITIONAL BASE CONTENT,Read1,ReadPos 67 A Bases,16171663
POSITIONAL BASE CONTENT,Read1,ReadPos 68 A Bases,16475158
POSITIONAL BASE CONTENT,Read1,ReadPos 69 A Bases,16034928
POSITIONAL BASE CONTENT,Read1,ReadPos 70 A Bases,16250475
POSITIONAL BASE CONTENT,Read1,ReadPos 71 A Bases,16472050
POSITIONAL BASE CONTENT,Read1,ReadPos 72 A Bases,16308773
POSITIONAL BASE CONTENT,Read1,ReadPos 73 A Bases,16767740
POSITIONAL BASE CONTENT,Read1,ReadPos 74 A Bases,16082798
POSITIONAL BASE CONTENT,Read1,ReadPos 75 A Bases,16117161
POSITIONAL BASE CONTENT,Read1,ReadPos 76 A Bases,16135874
POSITIONAL BASE CONTENT,Read1,ReadPos 77 A Bases,16213136
POSITIONAL BASE CONTENT,Read1,ReadPos 78 A Bases,16324658
POSITIONAL BASE CONTENT,Read1,ReadPos 79 A Bases,16328142
POSITIONAL BASE CONTENT,Read1,ReadPos 80 A Bases,16144244
POSITIONAL BASE CONTENT,Read1,ReadPos 81 A Bases,16086339
POSITIONAL BASE CONTENT,Read1,ReadPos 82 A Bases,16170099
POSITIONAL BASE CONTENT,Read1,ReadPos 83 A Bases,16041041
POSITIONAL BASE CONTENT,Read1,ReadPos 84 A Bases,15771323
POSITIONAL BASE CONTENT,Read1,ReadPos 85 A Bases,16089876
POSITIONAL BASE CONTENT,Read1,ReadPos 86 A Bases,16319446
POSITIONAL BASE CONTENT,Read1,ReadPos 87 A Bases,15652360
POSITIONAL BASE CONTENT,Read1,ReadPos 88 A Bases,15519491
POSITIONAL BASE CONTENT,Read1,ReadPos 89 A Bases,15844841
POSITIONAL BASE CONTENT,Read1,ReadPos 90 A Bases,15520685
POSITIONAL BASE CONTENT,Read1,ReadPos 91 A Bases,16084435
POSITIONAL BASE CONTENT,Read1,ReadPos 92 A Bases,15254458
POSITIONAL BASE CONTENT,Read1,ReadPos 93 A Bases,15026082
POSITIONAL BASE CONTENT,Read1,ReadPos 94 A Bases,15280424
POSITIONAL BASE CONTENT,Read1,ReadPos 95 A Bases,15197464
POSITIONAL BASE CONTENT,Read1,ReadPos 96 A Bases,15183761
POSITIONAL BASE CONTENT,Read1,ReadPos 97 A Bases,14919879
POSITIONAL BASE CONTENT,Read1,ReadPos 98 A Bases,14758090
POSITIONAL BASE CONTENT,Read1,ReadPos 99 A Bases,13735589
POSITIONAL BASE CONTENT,Read1,ReadPos 100 A Bases,10059716
POSITIONAL BASE CONTENT,Read1,ReadPos 101 A Bases,0
POSITIONAL BASE CONTENT,Read1,ReadPos 1 C Bases,19242084
POSITIONAL BASE CONTENT,Read1,ReadPos 2 C Bases,17833660
POSITIONAL BASE CONTENT,Read1,ReadPos 3 C Bases,20432380
POSITIONAL BASE CONTENT,Read1,ReadPos 4 C Bases,15350116
POSITIONAL BASE CONTENT,Read1,ReadPos 5 C Bases,11841789
POSITIONAL BASE CONTENT,Read1,ReadPos 6 C Bases,13212617
POSITIONAL BASE CONTENT,Read1,ReadPos 7 C Bases,10300332
POSITIONAL BASE CONTENT,Read1,ReadPos 8 C Bases,14808728
POSITIONAL BASE CONTENT,Read1,ReadPos 9 C Bases,13289498
POSITIONAL BASE CONTENT,Read1,ReadPos 10 C Bases,10134521
POSITIONAL BASE CONTENT,Read1,ReadPos 11 C Bases,14294029
POSITIONAL BASE CONTENT,Read1,ReadPos 12 C Bases,14165431
POSITIONAL BASE CONTENT,Read1,ReadPos 13 C Bases,12471383
POSITIONAL BASE CONTENT,Read1,ReadPos 14 C Bases,12633612
POSITIONAL BASE CONTENT,Read1,ReadPos 15 C Bases,13348494
POSITIONAL BASE CONTENT,Read1,ReadPos 16 C Bases,13875298
POSITIONAL BASE CONTENT,Read1,ReadPos 17 C Bases,13434442
POSITIONAL BASE CONTENT,Read1,ReadPos 18 C Bases,13839825
POSITIONAL BASE CONTENT,Read1,ReadPos 19 C Bases,13446017
POSITIONAL BASE CONTENT,Read1,ReadPos 20 C Bases,14084166
POSITIONAL BASE CONTENT,Read1,ReadPos 21 C Bases,14633857
POSITIONAL BASE CONTENT,Read1,ReadPos 22 C Bases,13978678
POSITIONAL BASE CONTENT,Read1,ReadPos 23 C Bases,14329140
POSITIONAL BASE CONTENT,Read1,ReadPos 24 C Bases,15011986
POSITIONAL BASE CONTENT,Read1,ReadPos 25 C Bases,14706764
POSITIONAL BASE CONTENT,Read1,ReadPos 26 C Bases,15225737
POSITIONAL BASE CONTENT,Read1,ReadPos 27 C Bases,14798063
POSITIONAL BASE CONTENT,Read1,ReadPos 28 C Bases,15286998
POSITIONAL BASE CONTENT,Read1,ReadPos 29 C Bases,15010832
POSITIONAL BASE CONTENT,Read1,ReadPos 30 C Bases,14871478
POSITIONAL BASE CONTENT,Read1,ReadPos 31 C Bases,14596502
POSITIONAL BASE CONTENT,Read1,ReadPos 32 C Bases,14291341
POSITIONAL BASE CONTENT,Read1,ReadPos 33 C Bases,15140825
POSITIONAL BASE CONTENT,Read1,ReadPos 34 C Bases,14473637
POSITIONAL BASE CONTENT,Read1,ReadPos 35 C Bases,14448750
POSITIONAL BASE CONTENT,Read1,ReadPos 36 C Bases,14203651
POSITIONAL BASE CONTENT,Read1,ReadPos 37 C Bases,14297252
POSITIONAL BASE CONTENT,Read1,ReadPos 38 C Bases,14210349
POSITIONAL BASE CONTENT,Read1,ReadPos 39 C Bases,14156455
POSITIONAL BASE CONTENT,Read1,ReadPos 40 C Bases,14580699
POSITIONAL BASE CONTENT,Read1,ReadPos 41 C Bases,14719084
POSITIONAL BASE CONTENT,Read1,ReadPos 42 C Bases,14456571
POSITIONAL BASE CONTENT,Read1,ReadPos 43 C Bases,14238115
POSITIONAL BASE CONTENT,Read1,ReadPos 44 C Bases,14016325
POSITIONAL BASE CONTENT,Read1,ReadPos 45 C Bases,14392077
POSITIONAL BASE CONTENT,Read1,ReadPos 46 C Bases,14253531
POSITIONAL BASE CONTENT,Read1,ReadPos 47 C Bases,13851259
POSITIONAL BASE CONTENT,Read1,ReadPos 48 C Bases,13975995
POSITIONAL BASE CONTENT,Read1,ReadPos 49 C Bases,13793897
POSITIONAL BASE CONTENT,Read1,ReadPos 50 C Bases,14006697
POSITIONAL BASE CONTENT,Read1,ReadPos 51 C Bases,14777798
POSITIONAL BASE CONTENT,Read1,ReadPos 52 C Bases,14373433
POSITIONAL BASE CONTENT,Read1,ReadPos 53 C Bases,13687009
POSITIONAL BASE CONTENT,Read1,ReadPos 54 C Bases,14207410
POSITIONAL BASE CONTENT,Read1,ReadPos 55 C Bases,14523038
POSITIONAL BASE CONTENT,Read1,ReadPos 56 C Bases,15284677
POSITIONAL BASE CONTENT,Read1,ReadPos 57 C Bases,14271202
POSITIONAL BASE CONTENT,Read1,ReadPos 58 C Bases,14441696
POSITIONAL BASE CONTENT,Read1,ReadPos 59 C Bases,14131552
POSITIONAL BASE CONTENT,Read1,ReadPos 60 C Bases,14111239
POSITIONAL BASE CONTENT,Read1,ReadPos 61 C Bases,14107532
POSITIONAL BASE CONTENT,Read1,ReadPos 62 C Bases,13894881
POSITIONAL BASE CONTENT,Read1,ReadPos 63 C Bases,14574387
POSITIONAL BASE CONTENT,Read1,ReadPos 64 C Bases,13839338
POSITIONAL BASE CONTENT,Read1,ReadPos 65 C Bases,13735495
POSITIONAL BASE CONTENT,Read1,ReadPos 66 C Bases,14095926
POSITIONAL BASE CONTENT,Read1,ReadPos 67 C Bases,14823973
POSITIONAL BASE CONTENT,Read1,ReadPos 68 C Bases,13933733
POSITIONAL BASE CONTENT,Read1,ReadPos 69 C Bases,14729961
POSITIONAL BASE CONTENT,Read1,ReadPos 70 C Bases,14590499
POSITIONAL BASE CONTENT,Read1,ReadPos 71 C Bases,14246556
POSITIONAL BASE CONTENT,Read1,ReadPos 72 C Bases,14294709
POSITIONAL BASE CONTENT,Read1,ReadPos 73 C Bases,14315002
POSITIONAL BASE CONTENT,Read1,ReadPos 74 C Bases,14722600
POSITIONAL BASE CONTENT,Read1,ReadPos 75 C Bases,14589812
POSITIONAL BASE CONTENT,Read1,ReadPos 76 C Bases,13865910
POSITIONAL BASE CONTENT,Read1,ReadPos 77 C Bases,13497686
POSITIONAL BASE CONTENT,Read1,ReadPos 78 C Bases,14017108
POSITIONAL BASE CONTENT,Read1,ReadPos 79 C Bases,13575534
POSITIONAL BASE CONTENT,Read1,ReadPos 80 C Bases,13628020
POSITIONAL BASE CONTENT,Read1,ReadPos 81 C Bases,13720905
POSITIONAL BASE CONTENT,Read1,ReadPos 82 C Bases,13938831
POSITIONAL BASE CONTENT,Read1,ReadPos 83 C Bases,14179484
POSITIONAL BASE CONTENT,Read1,ReadPos 84 C Bases,14144093
POSITIONAL BASE CONTENT,Read1,ReadPos 85 C Bases,14071169
POSITIONAL BASE CONTENT,Read1,ReadPos 86 C Bases,13684818
POSITIONAL BASE CONTENT,Read1,ReadPos 87 C Bases,14240208
POSITIONAL BASE CONTENT,Read1,ReadPos 88 C Bases,13934039
POSITIONAL BASE CONTENT,Read1,ReadPos 89 C Bases,13711608
POSITIONAL BASE CONTENT,Read1,ReadPos 90 C Bases,14517290
POSITIONAL BASE CONTENT,Read1,ReadPos 91 C Bases,13287046
POSITIONAL BASE CONTENT,Read1,ReadPos 92 C Bases,13416661
POSITIONAL BASE CONTENT,Read1,ReadPos 93 C Bases,13599235
POSITIONAL BASE CONTENT,Read1,ReadPos 94 C Bases,13797368
POSITIONAL BASE CONTENT,Read1,ReadPos 95 C Bases,13520437
POSITIONAL BASE CONTENT,Read1,ReadPos 96 C Bases,12948376
POSITIONAL BASE CONTENT,Read1,ReadPos 97 C Bases,13125429
POSITIONAL BASE CONTENT,Read1,ReadPos 98 C Bases,13414177
POSITIONAL BASE CONTENT,Read1,ReadPos 99 C Bases,13395313
POSITIONAL BASE CONTENT,Read1,ReadPos 100 C Bases,13678504
POSITIONAL BASE CONTENT,Read1,ReadPos 101 C Bases,12653285
POSITIONAL BASE CONTENT,Read1,ReadPos 1 G Bases,34624868
POSITIONAL BASE CONTENT,Read1,ReadPos 2 G Bases,17645595
POSITIONAL BASE CONTENT,Read1,ReadPos 3 G Bases,15375305
POSITIONAL BASE CONTENT,Read1,ReadPos 4 G Bases,16437461
POSITIONAL BASE CONTENT,Read1,ReadPos 5 G Bases,17681177
POSITIONAL BASE CONTENT,Read1,ReadPos 6 G Bases,16903464
POSITIONAL BASE CONTENT,Read1,ReadPos 7 G Bases,12295584
POSITIONAL BASE CONTENT,Read1,ReadPos 8 G Bases,12649919
POSITIONAL BASE CONTENT,Read1,ReadPos 9 G Bases,12905393
POSITIONAL BASE CONTENT,Read1,ReadPos 10 G Bases,13720666
POSITIONAL BASE CONTENT,Read1,ReadPos 11 G Bases,17503066
POSITIONAL BASE CONTENT,Read1,ReadPos 12 G Bases,15868169
POSITIONAL BASE CONTENT,Read1,ReadPos 13 G Bases,14509493
POSITIONAL BASE CONTENT,Read1,ReadPos 14 G Bases,14980293
POSITIONAL BASE CONTENT,Read1,ReadPos 15 G Bases,15135885
POSITIONAL BASE CONTENT,Read1,ReadPos 16 G Bases,14742358
POSITIONAL BASE CONTENT,Read1,ReadPos 17 G Bases,15713976
POSITIONAL BASE CONTENT,Read1,ReadPos 18 G Bases,15464781
POSITIONAL BASE CONTENT,Read1,ReadPos 19 G Bases,15406036
POSITIONAL BASE CONTENT,Read1,ReadPos 20 G Bases,14954040
POSITIONAL BASE CONTENT,Read1,ReadPos 21 G Bases,15080084
POSITIONAL BASE CONTENT,Read1,ReadPos 22 G Bases,15011445
POSITIONAL BASE CONTENT,Read1,ReadPos 23 G Bases,14856043
POSITIONAL BASE CONTENT,Read1,ReadPos 24 G Bases,14296381
POSITIONAL BASE CONTENT,Read1,ReadPos 25 G Bases,14844078
POSITIONAL BASE CONTENT,Read1,ReadPos 26 G Bases,14000387
POSITIONAL BASE CONTENT,Read1,ReadPos 27 G Bases,14230323
POSITIONAL BASE CONTENT,Read1,ReadPos 28 G Bases,14301415
POSITIONAL BASE CONTENT,Read1,ReadPos 29 G Bases,14374179
POSITIONAL BASE CONTENT,Read1,ReadPos 30 G Bases,14655120
POSITIONAL BASE CONTENT,Read1,ReadPos 31 G Bases,15005955
POSITIONAL BASE CONTENT,Read1,ReadPos 32 G Bases,14881582
POSITIONAL BASE CONTENT,Read1,ReadPos 33 G Bases,14628856
POSITIONAL BASE CONTENT,Read1,ReadPos 34 G Bases,14688779
POSITIONAL BASE CONTENT,Read1,ReadPos 35 G Bases,15228991
POSITIONAL BASE CONTENT,Read1,ReadPos 36 G Bases,15513143
POSITIONAL BASE CONTENT,Read1,ReadPos 37 G Bases,14826271
POSITIONAL BASE CONTENT,Read1,ReadPos 38 G Bases,14978580
POSITIONAL BASE CONTENT,Read1,ReadPos 39 G Bases,14618515
POSITIONAL BASE CONTENT,Read1,ReadPos 40 G Bases,14919100
POSITIONAL BASE CONTENT,Read1,ReadPos 41 G Bases,14728261
POSITIONAL BASE CONTENT,Read1,ReadPos 42 G Bases,14284784
POSITIONAL BASE CONTENT,Read1,ReadPos 43 G Bases,14234815
POSITIONAL BASE CONTENT,Read1,ReadPos 44 G Bases,14220730
POSITIONAL BASE CONTENT,Read1,ReadPos 45 G Bases,14353488
POSITIONAL BASE CONTENT,Read1,ReadPos 46 G Bases,14458475
POSITIONAL BASE CONTENT,Read1,ReadPos 47 G Bases,15048264
POSITIONAL BASE CONTENT,Read1,ReadPos 48 G Bases,14328087
POSITIONAL BASE CONTENT,Read1,ReadPos 49 G Bases,14478971
POSITIONAL BASE CONTENT,Read1,ReadPos 50 G Bases,14787095
POSITIONAL BASE CONTENT,Read1,ReadPos 51 G Bases,14459790
POSITIONAL BASE CONTENT,Read1,ReadPos 52 G Bases,14646790
POSITIONAL BASE CONTENT,Read1,ReadPos 53 G Bases,15127972
POSITIONAL BASE CONTENT,Read1,ReadPos 54 G Bases,14616815
POSITIONAL BASE CONTENT,Read1,ReadPos 55 G Bases,14612367
POSITIONAL BASE CONTENT,Read1,ReadPos 56 G Bases,14149057
POSITIONAL BASE CONTENT,Read1,ReadPos 57 G Bases,14742497
POSITIONAL BASE CONTENT,Read1,ReadPos 58 G Bases,14144629
POSITIONAL BASE CONTENT,Read1,ReadPos 59 G Bases,14209291
POSITIONAL BASE CONTENT,Read1,ReadPos 60 G Bases,14584242
POSITIONAL BASE CONTENT,Read1,ReadPos 61 G Bases,14473952
POSITIONAL BASE CONTENT,Read1,ReadPos 62 G Bases,14436207
POSITIONAL BASE CONTENT,Read1,ReadPos 63 G Bases,14447562
POSITIONAL BASE CONTENT,Read1,ReadPos 64 G Bases,15473977
POSITIONAL BASE CONTENT,Read1,ReadPos 65 G Bases,15310553
POSITIONAL BASE CONTENT,Read1,ReadPos 66 G Bases,14658902
POSITIONAL BASE CONTENT,Read1,ReadPos 67 G Bases,15003302
POSITIONAL BASE CONTENT,Read1,ReadPos 68 G Bases,14875046
POSITIONAL BASE CONTENT,Read1,ReadPos 69 G Bases,14786698
POSITIONAL BASE CONTENT,Read1,ReadPos 70 G Bases,14678843
POSITIONAL BASE CONTENT,Read1,ReadPos 71 G Bases,14436475
POSITIONAL BASE CONTENT,Read1,ReadPos 72 G Bases,15029396
POSITIONAL BASE CONTENT,Read1,ReadPos 73 G Bases,14311933
POSITIONAL BASE CONTENT,Read1,ReadPos 74 G Bases,14041360
POSITIONAL BASE CONTENT,Read1,ReadPos 75 G Bases,14511428
POSITIONAL BASE CONTENT,Read1,ReadPos 76 G Bases,15184528
POSITIONAL BASE CONTENT,Read1,ReadPos 77 G Bases,14704503
POSITIONAL BASE CONTENT,Read1,ReadPos 78 G Bases,14286739
POSITIONAL BASE CONTENT,Read1,ReadPos 79 G Bases,14664003
POSITIONAL BASE CONTENT,Read1,ReadPos 80 G Bases,14362613
POSITIONAL BASE CONTENT,Read1,ReadPos 81 G Bases,14701835
POSITIONAL BASE CONTENT,Read1,ReadPos 82 G Bases,14699207
POSITIONAL BASE CONTENT,Read1,ReadPos 83 G Bases,14271508
POSITIONAL BASE CONTENT,Read1,ReadPos 84 G Bases,14254746
POSITIONAL BASE CONTENT,Read1,ReadPos 85 G Bases,13976658
POSITIONAL BASE CONTENT,Read1,ReadPos 86 G Bases,13846082
POSITIONAL BASE CONTENT,Read1,ReadPos 87 G Bases,13868140
POSITIONAL BASE CONTENT,Read1,ReadPos 88 G Bases,13768152
POSITIONAL BASE CONTENT,Read1,ReadPos 89 G Bases,13850263
POSITIONAL BASE CONTENT,Read1,ReadPos 90 G Bases,12975962
POSITIONAL BASE CONTENT,Read1,ReadPos 91 G Bases,13304121
POSITIONAL BASE CONTENT,Read1,ReadPos 92 G Bases,13745978
POSITIONAL BASE CONTENT,Read1,ReadPos 93 G Bases,13338506
POSITIONAL BASE CONTENT,Read1,ReadPos 94 G Bases,13169896
POSITIONAL BASE CONTENT,Read1,ReadPos 95 G Bases,13197860
POSITIONAL BASE CONTENT,Read1,ReadPos 96 G Bases,13143931
POSITIONAL BASE CONTENT,Read1,ReadPos 97 G Bases,13362301
POSITIONAL BASE CONTENT,Read1,ReadPos 98 G Bases,12308811
POSITIONAL BASE CONTENT,Read1,ReadPos 99 G Bases,12087192
POSITIONAL BASE CONTENT,Read1,ReadPos 100 G Bases,11175580
POSITIONAL BASE CONTENT,Read1,ReadPos 101 G Bases,8180368
POSITIONAL BASE CONTENT,Read1,ReadPos 1 T Bases,1841044
POSITIONAL BASE CONTENT,Read1,ReadPos 2 T Bases,20244060
POSITIONAL BASE CONTENT,Read1,ReadPos 3 T Bases,16171051
POSITIONAL BASE CONTENT,Read1,ReadPos 4 T Bases,15224739
POSITIONAL BASE CONTENT,Read1,ReadPos 5 T Bases,14850556
POSITIONAL BASE CONTENT,Read1,ReadPos 6 T Bases,14296510
POSITIONAL BASE CONTENT,Read1,ReadPos 7 T Bases,25366622
POSITIONAL BASE CONTENT,Read1,ReadPos 8 T Bases,20258114
POSITIONAL BASE CONTENT,Read1,ReadPos 9 T Bases,21648491
POSITIONAL BASE CONTENT,Read1,ReadPos 10 T Bases,15856506
POSITIONAL BASE CONTENT,Read1,ReadPos 11 T Bases,13492126
POSITIONAL BASE CONTENT,Read1,ReadPos 12 T Bases,16964558
POSITIONAL BASE CONTENT,Read1,ReadPos 13 T Bases,17995957
POSITIONAL BASE CONTENT,Read1,ReadPos 14 T Bases,17075569
POSITIONAL BASE CONTENT,Read1,ReadPos 15 T Bases,16779479
POSITIONAL BASE CONTENT,Read1,ReadPos 16 T Bases,17046995
POSITIONAL BASE CONTENT,Read1,ReadPos 17 T Bases,16560195
POSITIONAL BASE CONTENT,Read1,ReadPos 18 T Bases,16378765
POSITIONAL BASE CONTENT,Read1,ReadPos 19 T Bases,16847476
POSITIONAL BASE CONTENT,Read1,ReadPos 20 T Bases,16373033
POSITIONAL BASE CONTENT,Read1,ReadPos 21 T Bases,16004393
POSITIONAL BASE CONTENT,Read1,ReadPos 22 T Bases,16227583
POSITIONAL BASE CONTENT,Read1,ReadPos 23 T Bases,16120242
POSITIONAL BASE CONTENT,Read1,ReadPos 24 T Bases,16274812
POSITIONAL BASE CONTENT,Read1,ReadPos 25 T Bases,15900779
POSITIONAL BASE CONTENT,Read1,ReadPos 26 T Bases,16447998
POSITIONAL BASE CONTENT,Read1,ReadPos 27 T Bases,16606002
POSITIONAL BASE CONTENT,Read1,ReadPos 28 T Bases,15571629
POSITIONAL BASE CONTENT,Read1,ReadPos 29 T Bases,16188917
POSITIONAL BASE CONTENT,Read1,ReadPos 30 T Bases,15904725
POSITIONAL BASE CONTENT,Read1,ReadPos 31 T Bases,15945058
POSITIONAL BASE CONTENT,Read1,ReadPos 32 T Bases,16355918
POSITIONAL BASE CONTENT,Read1,ReadPos 33 T Bases,15590599
POSITIONAL BASE CONTENT,Read1,ReadPos 34 T Bases,15766075
POSITIONAL BASE CONTENT,Read1,ReadPos 35 T Bases,15580809
POSITIONAL BASE CONTENT,Read1,ReadPos 36 T Bases,15661000
POSITIONAL BASE CONTENT,Read1,ReadPos 37 T Bases,16177534
POSITIONAL BASE CONTENT,Read1,ReadPos 38 T Bases,15903661
POSITIONAL BASE CONTENT,Read1,ReadPos 39 T Bases,16079494
POSITIONAL BASE CONTENT,Read1,ReadPos 40 T Bases,15564189
POSITIONAL BASE CONTENT,Read1,ReadPos 41 T Bases,15737069
POSITIONAL BASE CONTENT,Read1,ReadPos 42 T Bases,15847247
POSITIONAL BASE CONTENT,Read1,ReadPos 43 T Bases,16438722
POSITIONAL BASE CONTENT,Read1,ReadPos 44 T Bases,16107555
POSITIONAL BASE CONTENT,Read1,ReadPos 45 T Bases,16499562
POSITIONAL BASE CONTENT,Read1,ReadPos 46 T Bases,16235600
POSITIONAL BASE CONTENT,Read1,ReadPos 47 T Bases,16102807
POSITIONAL BASE CONTENT,Read1,ReadPos 48 T Bases,16413000
POSITIONAL BASE CONTENT,Read1,ReadPos 49 T Bases,16655070
POSITIONAL BASE CONTENT,Read1,ReadPos 50 T Bases,16269864
POSITIONAL BASE CONTENT,Read1,ReadPos 51 T Bases,16241610
POSITIONAL BASE CONTENT,Read1,ReadPos 52 T Bases,15968976
POSITIONAL BASE CONTENT,Read1,ReadPos 53 T Bases,16041642
POSITIONAL BASE CONTENT,Read1,ReadPos 54 T Bases,15703278
POSITIONAL BASE CONTENT,Read1,ReadPos 55 T Bases,15701116
POSITIONAL BASE CONTENT,Read1,ReadPos 56 T Bases,15855161
POSITIONAL BASE CONTENT,Read1,ReadPos 57 T Bases,16309868
POSITIONAL BASE CONTENT,Read1,ReadPos 58 T Bases,16108595
POSITIONAL BASE CONTENT,Read1,ReadPos 59 T Bases,15865999
POSITIONAL BASE CONTENT,Read1,ReadPos 60 T Bases,16575766
POSITIONAL BASE CONTENT,Read1,ReadPos 61 T Bases,16479386
POSITIONAL BASE CONTENT,Read1,ReadPos 62 T Bases,16733455
POSITIONAL BASE CONTENT,Read1,ReadPos 63 T Bases,16107529
POSITIONAL BASE CONTENT,Read1,ReadPos 64 T Bases,15890978
POSITIONAL BASE CONTENT,Read1,ReadPos 65 T Bases,15882335
POSITIONAL BASE CONTENT,Read1,ReadPos 66 T Bases,16034301
POSITIONAL BASE CONTENT,Read1,ReadPos 67 T Bases,15172327
POSITIONAL BASE CONTENT,Read1,ReadPos 68 T Bases,15846524
POSITIONAL BASE CONTENT,Read1,ReadPos 69 T Bases,15533589
POSITIONAL BASE CONTENT,Read1,ReadPos 70 T Bases,15516102
POSITIONAL BASE CONTENT,Read1,ReadPos 71 T Bases,15822735
POSITIONAL BASE CONTENT,Read1,ReadPos 72 T Bases,15277459
POSITIONAL BASE CONTENT,Read1,ReadPos 73 T Bases,15440658
POSITIONAL BASE CONTENT,Read1,ReadPos 74 T Bases,15904932
POSITIONAL BASE CONTENT,Read1,ReadPos 75 T Bases,15441931
POSITIONAL BASE CONTENT,Read1,ReadPos 76 T Bases,15374955
POSITIONAL BASE CONTENT,Read1,ReadPos 77 T Bases,16043519
POSITIONAL BASE CONTENT,Read1,ReadPos 78 T Bases,15721228
POSITIONAL BASE CONTENT,Read1,ReadPos 79 T Bases,15663253
POSITIONAL BASE CONTENT,Read1,ReadPos 80 T Bases,15962572
POSITIONAL BASE CONTENT,Read1,ReadPos 81 T Bases,15439625
POSITIONAL BASE CONTENT,Read1,ReadPos 82 T Bases,14972593
POSITIONAL BASE CONTENT,Read1,ReadPos 83 T Bases,15100171
POSITIONAL BASE CONTENT,Read1,ReadPos 84 T Bases,15213454
POSITIONAL BASE CONTENT,Read1,ReadPos 85 T Bases,15018167
POSITIONAL BASE CONTENT,Read1,ReadPos 86 T Bases,15071888
POSITIONAL BASE CONTENT,Read1,ReadPos 87 T Bases,14915666
POSITIONAL BASE CONTENT,Read1,ReadPos 88 T Bases,15198010
POSITIONAL BASE CONTENT,Read1,ReadPos 89 T Bases,14739078
POSITIONAL BASE CONTENT,Read1,ReadPos 90 T Bases,14836675
POSITIONAL BASE CONTENT,Read1,ReadPos 91 T Bases,14850221
POSITIONAL BASE CONTENT,Read1,ReadPos 92 T Bases,14750548
POSITIONAL BASE CONTENT,Read1,ReadPos 93 T Bases,14832262
POSITIONAL BASE CONTENT,Read1,ReadPos 94 T Bases,14138784
POSITIONAL BASE CONTENT,Read1,ReadPos 95 T Bases,14043676
POSITIONAL BASE CONTENT,Read1,ReadPos 96 T Bases,14234687
POSITIONAL BASE CONTENT,Read1,ReadPos 97 T Bases,13598938
POSITIONAL BASE CONTENT,Read1,ReadPos 98 T Bases,13842272
POSITIONAL BASE CONTENT,Read1,ReadPos 99 T Bases,13367767
POSITIONAL BASE CONTENT,Read1,ReadPos 100 T Bases,13166300
POSITIONAL BASE CONTENT,Read1,ReadPos 101 T Bases,13505544
POSITIONAL BASE CONTENT,Read1,ReadPos 1 N Bases,13205
POSITIONAL BASE CONTENT,Read1,ReadPos 2 N Bases,20447
POSITIONAL BASE CONTENT,Read1,ReadPos 3 N Bases,3022
POSITIONAL BASE CONTENT,Read1,ReadPos 4 N Bases,1170
POSITIONAL BASE CONTENT,Read1,ReadPos 5 N Bases,1170
POSITIONAL BASE CONTENT,Read1,ReadPos 6 N Bases,1171
POSITIONAL BASE CONTENT,Read1,ReadPos 7 N Bases,2556
POSITIONAL BASE CONTENT,Read1,ReadPos 8 N Bases,1173
POSITIONAL BASE CONTENT,Read1,ReadPos 9 N Bases,1170
POSITIONAL BASE CONTENT,Read1,ReadPos 10 N Bases,1171
POSITIONAL BASE CONTENT,Read1,ReadPos 11 N Bases,1170
POSITIONAL BASE CONTENT,Read1,ReadPos 12 N Bases,1170
POSITIONAL BASE CONTENT,Read1,ReadPos 13 N Bases,1171
POSITIONAL BASE CONTENT,Read1,ReadPos 14 N Bases,1170
POSITIONAL BASE CONTENT,Read1,ReadPos 15 N Bases,1931
POSITIONAL BASE CONTENT,Read1,ReadPos 16 N Bases,1170
POSITIONAL BASE CONTENT,Read1,ReadPos 17 N Bases,1170
POSITIONAL BASE CONTENT,Read1,ReadPos 18 N Bases,1406
POSITIONAL BASE CONTENT,Read1,ReadPos 19 N Bases,10665
POSITIONAL BASE CONTENT,Read1,ReadPos 20 N Bases,1170
POSITIONAL BASE CONTENT,Read1,ReadPos 21 N Bases,1170
POSITIONAL BASE CONTENT,Read1,ReadPos 22 N Bases,1170
POSITIONAL BASE CONTENT,Read1,ReadPos 23 N Bases,1293
POSITIONAL BASE CONTENT,Read1,ReadPos 24 N Bases,1377
POSITIONAL BASE CONTENT,Read1,ReadPos 25 N Bases,1481
POSITIONAL BASE CONTENT,Read1,ReadPos 26 N Bases,1681
POSITIONAL BASE CONTENT,Read1,ReadPos 27 N Bases,1718
POSITIONAL BASE CONTENT,Read1,ReadPos 28 N Bases,1910
POSITIONAL BASE CONTENT,Read1,ReadPos 29 N Bases,2098
POSITIONAL BASE CONTENT,Read1,ReadPos 30 N Bases,2374
POSITIONAL BASE CONTENT,Read1,ReadPos 31 N Bases,2720
POSITIONAL BASE CONTENT,Read1,ReadPos 32 N Bases,3138
POSITIONAL BASE CONTENT,Read1,ReadPos 33 N Bases,3578
POSITIONAL BASE CONTENT,Read1,ReadPos 34 N Bases,4078
POSITIONAL BASE CONTENT,Read1,ReadPos 35 N Bases,4631
POSITIONAL BASE CONTENT,Read1,ReadPos 36 N Bases,0
POSITIONAL BASE CONTENT,Read1,ReadPos 37 N Bases,0
POSITIONAL BASE CONTENT,Read1,ReadPos 38 N Bases,0
POSITIONAL BASE CONTENT,Read1,ReadPos 39 N Bases,0
POSITIONAL BASE CONTENT,Read1,ReadPos 40 N Bases,0
POSITIONAL BASE CONTENT,Read1,ReadPos 41 N Bases,0
POSITIONAL BASE CONTENT,Read1,ReadPos 42 N Bases,0
POSITIONAL BASE CONTENT,Read1,ReadPos 43 N Bases,0
POSITIONAL BASE CONTENT,Read1,ReadPos 44 N Bases,0
POSITIONAL BASE CONTENT,Read1,ReadPos 45 N Bases,0
POSITIONAL BASE CONTENT,Read1,ReadPos 46 N Bases,0
POSITIONAL BASE CONTENT,Read1,ReadPos 47 N Bases,0
POSITIONAL BASE CONTENT,Read1,ReadPos 48 N Bases,0
POSITIONAL BASE CONTENT,Read1,ReadPos 49 N Bases,0
POSITIONAL BASE CONTENT,Read1,ReadPos 50 N Bases,11
POSITIONAL BASE CONTENT,Read1,ReadPos 51 N Bases,128
POSITIONAL BASE CONTENT,Read1,ReadPos 52 N Bases,37
POSITIONAL BASE CONTENT,Read1,ReadPos 53 N Bases,11
POSITIONAL BASE CONTENT,Read1,ReadPos 54 N Bases,11
POSITIONAL BASE CONTENT,Read1,ReadPos 55 N Bases,57
POSITIONAL BASE CONTENT,Read1,ReadPos 56 N Bases,18
POSITIONAL BASE CONTENT,Read1,ReadPos 57 N Bases,22
POSITIONAL BASE CONTENT,Read1,ReadPos 58 N Bases,11
POSITIONAL BASE CONTENT,Read1,ReadPos 59 N Bases,15
POSITIONAL BASE CONTENT,Read1,ReadPos 60 N Bases,11
POSITIONAL BASE CONTENT,Read1,ReadPos 61 N Bases,0
POSITIONAL BASE CONTENT,Read1,ReadPos 62 N Bases,0
POSITIONAL BASE CONTENT,Read1,ReadPos 63 N Bases,7
POSITIONAL BASE CONTENT,Read1,ReadPos 64 N Bases,0
POSITIONAL BASE CONTENT,Read1,ReadPos 65 N Bases,0
POSITIONAL BASE CONTENT,Read1,ReadPos 66 N Bases,2
POSITIONAL BASE CONTENT,Read1,ReadPos 67 N Bases,3
POSITIONAL BASE CONTENT,Read1,ReadPos 68 N Bases,0
POSITIONAL BASE CONTENT,Read1,ReadPos 69 N Bases,13
POSITIONAL BASE CONTENT,Read1,ReadPos 70 N Bases,1
POSITIONAL BASE CONTENT,Read1,ReadPos 71 N Bases,0
POSITIONAL BASE CONTENT,Read1,ReadPos 72 N Bases,0
POSITIONAL BASE CONTENT,Read1,ReadPos 73 N Bases,0
POSITIONAL BASE CONTENT,Read1,ReadPos 74 N Bases,289
POSITIONAL BASE CONTENT,Read1,ReadPos 75 N Bases,54
POSITIONAL BASE CONTENT,Read1,ReadPos 76 N Bases,18
POSITIONAL BASE CONTENT,Read1,ReadPos 77 N Bases,18
POSITIONAL BASE CONTENT,Read1,ReadPos 78 N Bases,0
POSITIONAL BASE CONTENT,Read1,ReadPos 79 N Bases,11
POSITIONAL BASE CONTENT,Read1,ReadPos 80 N Bases,0
POSITIONAL BASE CONTENT,Read1,ReadPos 81 N Bases,11
POSITIONAL BASE CONTENT,Read1,ReadPos 82 N Bases,0
POSITIONAL BASE CONTENT,Read1,ReadPos 83 N Bases,0
POSITIONAL BASE CONTENT,Read1,ReadPos 84 N Bases,0
POSITIONAL BASE CONTENT,Read1,ReadPos 85 N Bases,17
POSITIONAL BASE CONTENT,Read1,ReadPos 86 N Bases,0
POSITIONAL BASE CONTENT,Read1,ReadPos 87 N Bases,0
POSITIONAL BASE CONTENT,Read1,ReadPos 88 N Bases,0
POSITIONAL BASE CONTENT,Read1,ReadPos 89 N Bases,0
POSITIONAL BASE CONTENT,Read1,ReadPos 90 N Bases,0
POSITIONAL BASE CONTENT,Read1,ReadPos 91 N Bases,40
POSITIONAL BASE CONTENT,Read1,ReadPos 92 N Bases,0
POSITIONAL BASE CONTENT,Read1,ReadPos 93 N Bases,0
POSITIONAL BASE CONTENT,Read1,ReadPos 94 N Bases,0
POSITIONAL BASE CONTENT,Read1,ReadPos 95 N Bases,0
POSITIONAL BASE CONTENT,Read1,ReadPos 96 N Bases,0
POSITIONAL BASE CONTENT,Read1,ReadPos 97 N Bases,0
POSITIONAL BASE CONTENT,Read1,ReadPos 98 N Bases,0
POSITIONAL BASE CONTENT,Read1,ReadPos 99 N Bases,0
POSITIONAL BASE CONTENT,Read1,ReadPos 100 N Bases,0
POSITIONAL BASE CONTENT,Read1,ReadPos 101 N Bases,0
READ LENGTHS,Read1,35bp Length Reads,5212
READ LENGTHS,Read1,36bp Length Reads,698
READ LENGTHS,Read1,37bp Length Reads,846
READ LENGTHS,Read1,38bp Length Reads,1084
READ LENGTHS,Read1,39bp Length Reads,1297
READ LENGTHS,Read1,40bp Length Reads,1681
READ LENGTHS,Read1,41bp Length Reads,2085
READ LENGTHS,Read1,42bp Length Reads,2265
READ LENGTHS,Read1,43bp Length Reads,2330
READ LENGTHS,Read1,44bp Length Reads,2488
READ LENGTHS,Read1,45bp Length Reads,2673
READ LENGTHS,Read1,46bp Length Reads,3165
READ LENGTHS,Read1,47bp Length Reads,3897
READ LENGTHS,Read1,48bp Length Reads,4407
READ LENGTHS,Read1,49bp Length Reads,5243
READ LENGTHS,Read1,50bp Length Reads,6496
READ LENGTHS,Read1,51bp Length Reads,7368
READ LENGTHS,Read1,52bp Length Reads,8222
READ LENGTHS,Read1,53bp Length Reads,8622
READ LENGTHS,Read1,54bp Length Reads,9334
READ LENGTHS,Read1,55bp Length Reads,10188
READ LENGTHS,Read1,56bp Length Reads,11364
READ LENGTHS,Read1,57bp Length Reads,12648
READ LENGTHS,Read1,58bp Length Reads,14618
READ LENGTHS,Read1,59bp Length Reads,18068
READ LENGTHS,Read1,60bp Length Reads,20479
READ LENGTHS,Read1,61bp Length Reads,23506
READ LENGTHS,Read1,62bp Length Reads,27046
READ LENGTHS,Read1,63bp Length Reads,29030
READ LENGTHS,Read1,64bp Length Reads,32090
READ LENGTHS,Read1,65bp Length Reads,34022
READ LENGTHS,Read1,66bp Length Reads,37304
READ LENGTHS,Read1,67bp Length Reads,40807
READ LENGTHS,Read1,68bp Length Reads,45272
READ LENGTHS,Read1,69bp Length Reads,49269
READ LENGTHS,Read1,70bp Length Reads,58104
READ LENGTHS,Read1,71bp Length Reads,67479
READ LENGTHS,Read1,72bp Length Reads,75004
READ LENGTHS,Read1,73bp Length Reads,83354
READ LENGTHS,Read1,74bp Length Reads,91593
READ LENGTHS,Read1,75bp Length Reads,99101
READ LENGTHS,Read1,76bp Length Reads,102423
READ LENGTHS,Read1,77bp Length Reads,109129
READ LENGTHS,Read1,78bp Length Reads,118790
READ LENGTHS,Read1,79bp Length Reads,133494
READ LENGTHS,Read1,80bp Length Reads,148734
READ LENGTHS,Read1,81bp Length Reads,167985
READ LENGTHS,Read1,82bp Length Reads,188526
READ LENGTHS,Read1,83bp Length Reads,208588
READ LENGTHS,Read1,84bp Length Reads,227729
READ LENGTHS,Read1,85bp Length Reads,233653
READ LENGTHS,Read1,86bp Length Reads,245860
READ LENGTHS,Read1,87bp Length Reads,256682
READ LENGTHS,Read1,88bp Length Reads,273902
READ LENGTHS,Read1,89bp Length Reads,295178
READ LENGTHS,Read1,90bp Length Reads,324749
READ LENGTHS,Read1,91bp Length Reads,358218
READ LENGTHS,Read1,92bp Length Reads,371560
READ LENGTHS,Read1,93bp Length Reads,409613
READ LENGTHS,Read1,94bp Length Reads,427035
READ LENGTHS,Read1,95bp Length Reads,448682
READ LENGTHS,Read1,96bp Length Reads,504208
READ LENGTHS,Read1,97bp Length Reads,683197
READ LENGTHS,Read1,98bp Length Reads,1737489
READ LENGTHS,Read1,99bp Length Reads,4505761
READ LENGTHS,Read1,100bp Length Reads,13740903
READ LENGTHS,Read1,101bp Length Reads,34339197
READ GC CONTENT,Read1,0% GC Reads,316970194
READ GC CONTENT,Read1,1% GC Reads,66494280
READ GC CONTENT,Read1,2% GC Reads,84793975
READ GC CONTENT,Read1,3% GC Reads,95392865
READ GC CONTENT,Read1,4% GC Reads,98807642
READ GC CONTENT,Read1,5% GC Reads,109727883
READ GC CONTENT,Read1,6% GC Reads,108375870
READ GC CONTENT,Read1,7% GC Reads,112753988
READ GC CONTENT,Read1,8% GC Reads,103725714
READ GC CONTENT,Read1,9% GC Reads,88853291
READ GC CONTENT,Read1,10% GC Reads,84176959
READ GC CONTENT,Read1,11% GC Reads,86435361
READ GC CONTENT,Read1,12% GC Reads,91171703
READ GC CONTENT,Read1,13% GC Reads,103198605
READ GC CONTENT,Read1,14% GC Reads,121800120
READ GC CONTENT,Read1,15% GC Reads,164539319
READ GC CONTENT,Read1,16% GC Reads,229082494
READ GC CONTENT,Read1,17% GC Reads,343206790
READ GC CONTENT,Read1,18% GC Reads,530472023
READ GC CONTENT,Read1,19% GC Reads,877864499
READ GC CONTENT,Read1,20% GC Reads,1424775316
READ GC CONTENT,Read1,21% GC Reads,2343511555
READ GC CONTENT,Read1,22% GC Reads,3786550151
READ GC CONTENT,Read1,23% GC Reads,5907035934
READ GC CONTENT,Read1,24% GC Reads,9035531177
READ GC CONTENT,Read1,25% GC Reads,13212664747
READ GC CONTENT,Read1,26% GC Reads,18643512098
READ GC CONTENT,Read1,27% GC Reads,25577879373
READ GC CONTENT,Read1,28% GC Reads,33256674167
READ GC CONTENT,Read1,29% GC Reads,41798021881
READ GC CONTENT,Read1,30% GC Reads,50662526374
READ GC CONTENT,Read1,31% GC Reads,59444294601
READ GC CONTENT,Read1,32% GC Reads,68586032611
READ GC CONTENT,Read1,33% GC Reads,77097590476
READ GC CONTENT,Read1,34% GC Reads,85218147751
READ GC CONTENT,Read1,35% GC Reads,93042414664
READ GC CONTENT,Read1,36% GC Reads,100939106631
READ GC CONTENT,Read1,37% GC Reads,106869255158
READ GC CONTENT,Read1,38% GC Reads,111665922571
READ GC CONTENT,Read1,39% GC Reads,115814007777
READ GC CONTENT,Read1,40% GC Reads,119121935298
READ GC CONTENT,Read1,41% GC Reads,122003220681
READ GC CONTENT,Read1,42% GC Reads,124403836838
READ GC CONTENT,Read1,43% GC Reads,126593928153
READ GC CONTENT,Read1,44% GC Reads,132280418140
READ GC CONTENT,Read1,45% GC Reads,129946919520
READ GC CONTENT,Read1,46% GC Reads,122191182014
READ GC CONTENT,Read1,47% GC Reads,121368128052
READ GC CONTENT,Read1,48% GC Reads,120658254876
READ GC CONTENT,Read1,49% GC Reads,119027800647
READ GC CONTENT,Read1,50% GC Reads,121147690001
READ GC CONTENT,Read1,51% GC Reads,130120367828
READ GC CONTENT,Read1,52% GC Reads,124339364660
READ GC CONTENT,Read1,53% GC Reads,112810490078
READ GC CONTENT,Read1,54% GC Reads,105628726777
READ GC CONTENT,Read1,55% GC Reads,100690532032
READ GC CONTENT,Read1,56% GC Reads,93747301353
READ GC CONTENT,Read1,57% GC Reads,92950238019
READ GC CONTENT,Read1,58% GC Reads,89711332972
READ GC CONTENT,Read1,59% GC Reads,85540564830
READ GC CONTENT,Read1,60% GC Reads,100490584658
READ GC CONTENT,Read1,61% GC Reads,101544976555
READ GC CONTENT,Read1,62% GC Reads,93751945682
READ GC CONTENT,Read1,63% GC Reads,113242915711
READ GC CONTENT,Read1,64% GC Reads,69743031713
READ GC CONTENT,Read1,65% GC Reads,45248330379
READ GC CONTENT,Read1,66% GC Reads,39199159200
READ GC CONTENT,Read1,67% GC Reads,37234043596
READ GC CONTENT,Read1,68% GC Reads,36658834382
READ GC CONTENT,Read1,69% GC Reads,21842586253
READ GC CONTENT,Read1,70% GC Reads,15563342099
READ GC CONTENT,Read1,71% GC Reads,12068499190
READ GC CONTENT,Read1,72% GC Reads,8746878210
READ GC CONTENT,Read1,73% GC Reads,6317363049
READ GC CONTENT,Read1,74% GC Reads,4531008127
READ GC CONTENT,Read1,75% GC Reads,4020379996
READ GC CONTENT,Read1,76% GC Reads,3978790938
READ GC CONTENT,Read1,77% GC Reads,4044320006
READ GC CONTENT,Read1,78% GC Reads,4090510065
READ GC CONTENT,Read1,79% GC Reads,2559669278
READ GC CONTENT,Read1,80% GC Reads,1243830117
READ GC CONTENT,Read1,81% GC Reads,954706417
READ GC CONTENT,Read1,82% GC Reads,630303474
READ GC CONTENT,Read1,83% GC Reads,384153311
READ GC CONTENT,Read1,84% GC Reads,326933280
READ GC CONTENT,Read1,85% GC Reads,398121086
READ GC CONTENT,Read1,86% GC Reads,400913383
READ GC CONTENT,Read1,87% GC Reads,226639537
READ GC CONTENT,Read1,88% GC Reads,44587528
READ GC CONTENT,Read1,89% GC Reads,23622810
READ GC CONTENT,Read1,90% GC Reads,13368357
READ GC CONTENT,Read1,91% GC Reads,8379435
READ GC CONTENT,Read1,92% GC Reads,6641766
READ GC CONTENT,Read1,93% GC Reads,6501856
READ GC CONTENT,Read1,94% GC Reads,6494318
READ GC CONTENT,Read1,95% GC Reads,5920219
READ GC CONTENT,Read1,96% GC Reads,5379218
READ GC CONTENT,Read1,97% GC Reads,5444105
READ GC CONTENT,Read1,98% GC Reads,7015682
READ GC CONTENT,Read1,99% GC Reads,8091473
READ GC CONTENT,Read1,100% GC Reads,8223532
READ GC CONTENT QUALITY,Read1,0% GC Reads Average Quality,35.24
READ GC CONTENT QUALITY,Read1,1% GC Reads Average Quality,32.43
READ GC CONTENT QUALITY,Read1,2% GC Reads Average Quality,30.64
READ GC CONTENT QUALITY,Read1,3% GC Reads Average Quality,30.39
READ GC CONTENT QUALITY,Read1,4% GC Reads Average Quality,30.23
READ GC CONTENT QUALITY,Read1,5% GC Reads Average Quality,29.55
READ GC CONTENT QUALITY,Read1,6% GC Reads Average Quality,29.34
READ GC CONTENT QUALITY,Read1,7% GC Reads Average Quality,28.91
READ GC CONTENT QUALITY,Read1,8% GC Reads Average Quality,28.31
READ GC CONTENT QUALITY,Read1,9% GC Reads Average Quality,27.78
READ GC CONTENT QUALITY,Read1,10% GC Reads Average Quality,27.46
READ GC CONTENT QUALITY,Read1,11% GC Reads Average Quality,27.75
READ GC CONTENT QUALITY,Read1,12% GC Reads Average Quality,28.10
READ GC CONTENT QUALITY,Read1,13% GC Reads Average Quality,28.26
READ GC CONTENT QUALITY,Read1,14% GC Reads Average Quality,29.03
READ GC CONTENT QUALITY,Read1,15% GC Reads Average Quality,30.44
READ GC CONTENT QUALITY,Read1,16% GC Reads Average Quality,31.67
READ GC CONTENT QUALITY,Read1,17% GC Reads Average Quality,32.79
READ GC CONTENT QUALITY,Read1,18% GC Reads Average Quality,33.69
READ GC CONTENT QUALITY,Read1,19% GC Reads Average Quality,34.47
READ GC CONTENT QUALITY,Read1,20% GC Reads Average Quality,35.10
READ GC CONTENT QUALITY,Read1,21% GC Reads Average Quality,35.49
READ GC CONTENT QUALITY,Read1,22% GC Reads Average Quality,35.79
READ GC CONTENT QUALITY,Read1,23% GC Reads Average Quality,35.97
READ GC CONTENT QUALITY,Read1,24% GC Reads Average Quality,36.11
READ GC CONTENT QUALITY,Read1,25% GC Reads Average Quality,36.21
READ GC CONTENT QUALITY,Read1,26% GC Reads Average Quality,36.29
READ GC CONTENT QUALITY,Read1,27% GC Reads Average Quality,36.34
READ GC CONTENT QUALITY,Read1,28% GC Reads Average Quality,36.38
READ GC CONTENT QUALITY,Read1,29% GC Reads Average Quality,36.41
READ GC CONTENT QUALITY,Read1,30% GC Reads Average Quality,36.44
READ GC CONTENT QUALITY,Read1,31% GC Reads Average Quality,36.46
READ GC CONTENT QUALITY,Read1,32% GC Reads Average Quality,36.47
READ GC CONTENT QUALITY,Read1,33% GC Reads Average Quality,36.48
READ GC CONTENT QUALITY,Read1,34% GC Reads Average Quality,36.49
READ GC CONTENT QUALITY,Read1,35% GC Reads Average Quality,36.50
READ GC CONTENT QUALITY,Read1,36% GC Reads Average Quality,36.52
READ GC CONTENT QUALITY,Read1,37% GC Reads Average Quality,36.52
READ GC CONTENT QUALITY,Read1,38% GC Reads Average Quality,36.53
READ GC CONTENT QUALITY,Read1,39% GC Reads Average Quality,36.54
READ GC CONTENT QUALITY,Read1,40% GC Reads Average Quality,36.54
READ GC CONTENT QUALITY,Read1,41% GC Reads Average Quality,36.54
READ GC CONTENT QUALITY,Read1,42% GC Reads Average Quality,36.55
READ GC CONTENT QUALITY,Read1,43% GC Reads Average Quality,36.55
READ GC CONTENT QUALITY,Read1,44% GC Reads Average Quality,36.56
READ GC CONTENT QUALITY,Read1,45% GC Reads Average Quality,36.57
READ GC CONTENT QUALITY,Read1,46% GC Reads Average Quality,36.57
READ GC CONTENT QUALITY,Read1,47% GC Reads Average Quality,36.57
READ GC CONTENT QUALITY,Read1,48% GC Reads Average Quality,36.58
READ GC CONTENT QUALITY,Read1,49% GC Reads Average Quality,36.59
READ GC CONTENT QUALITY,Read1,50% GC Reads Average Quality,36.59
READ GC CONTENT QUALITY,Read1,51% GC Reads Average Quality,36.60
READ GC CONTENT QUALITY,Read1,52% GC Reads Average Quality,36.61
READ GC CONTENT QUALITY,Read1,53% GC Reads Average Quality,36.62
READ GC CONTENT QUALITY,Read1,54% GC Reads Average Quality,36.63
READ GC CONTENT QUALITY,Read1,55% GC Reads Average Quality,36.64
READ GC CONTENT QUALITY,Read1,56% GC Reads Average Quality,36.65
READ GC CONTENT QUALITY,Read1,57% GC Reads Average Quality,36.65
READ GC CONTENT QUALITY,Read1,58% GC Reads Average Quality,36.66
READ GC CONTENT QUALITY,Read1,59% GC Reads Average Quality,36.66
READ GC CONTENT QUALITY,Read1,60% GC Reads Average Quality,36.68
READ GC CONTENT QUALITY,Read1,61% GC Reads Average Quality,36.68
READ GC CONTENT QUALITY,Read1,62% GC Reads Average Quality,36.64
READ GC CONTENT QUALITY,Read1,63% GC Reads Average Quality,36.68
READ GC CONTENT QUALITY,Read1,64% GC Reads Average Quality,36.68
READ GC CONTENT QUALITY,Read1,65% GC Reads Average Quality,36.67
READ GC CONTENT QUALITY,Read1,66% GC Reads Average Quality,36.67
READ GC CONTENT QUALITY,Read1,67% GC Reads Average Quality,36.69
READ GC CONTENT QUALITY,Read1,68% GC Reads Average Quality,36.71
READ GC CONTENT QUALITY,Read1,69% GC Reads Average Quality,36.67
READ GC CONTENT QUALITY,Read1,70% GC Reads Average Quality,36.67
READ GC CONTENT QUALITY,Read1,71% GC Reads Average Quality,36.68
READ GC CONTENT QUALITY,Read1,72% GC Reads Average Quality,36.65
READ GC CONTENT QUALITY,Read1,73% GC Reads Average Quality,36.64
READ GC CONTENT QUALITY,Read1,74% GC Reads Average Quality,36.62
READ GC CONTENT QUALITY,Read1,75% GC Reads Average Quality,36.62
READ GC CONTENT QUALITY,Read1,76% GC Reads Average Quality,36.65
READ GC CONTENT QUALITY,Read1,77% GC Reads Average Quality,36.68
READ GC CONTENT QUALITY,Read1,78% GC Reads Average Quality,36.71
READ GC CONTENT QUALITY,Read1,79% GC Reads Average Quality,36.68
READ GC CONTENT QUALITY,Read1,80% GC Reads Average Quality,36.57
READ GC CONTENT QUALITY,Read1,81% GC Reads Average Quality,36.58
READ GC CONTENT QUALITY,Read1,82% GC Reads Average Quality,36.51
READ GC CONTENT QUALITY,Read1,83% GC Reads Average Quality,36.39
READ GC CONTENT QUALITY,Read1,84% GC Reads Average Quality,36.37
READ GC CONTENT QUALITY,Read1,85% GC Reads Average Quality,36.44
READ GC CONTENT QUALITY,Read1,86% GC Reads Average Quality,36.41
READ GC CONTENT QUALITY,Read1,87% GC Reads Average Quality,36.23
READ GC CONTENT QUALITY,Read1,88% GC Reads Average Quality,34.84
READ GC CONTENT QUALITY,Read1,89% GC Reads Average Quality,34.29
READ GC CONTENT QUALITY,Read1,90% GC Reads Average Quality,33.48
READ GC CONTENT QUALITY,Read1,91% GC Reads Average Quality,32.46
READ GC CONTENT QUALITY,Read1,92% GC Reads Average Quality,32.44
READ GC CONTENT QUALITY,Read1,93% GC Reads Average Quality,32.50
READ GC CONTENT QUALITY,Read1,94% GC Reads Average Quality,32.50
READ GC CONTENT QUALITY,Read1,95% GC Reads Average Quality,32.20
READ GC CONTENT QUALITY,Read1,96% GC Reads Average Quality,32.09
READ GC CONTENT QUALITY,Read1,97% GC Reads Average Quality,31.81
READ GC CONTENT QUALITY,Read1,98% GC Reads Average Quality,31.70
READ GC CONTENT QUALITY,Read1,99% GC Reads Average Quality,31.33
READ GC CONTENT QUALITY,Read1,100% GC Reads Average Quality,32.25
SEQUENCE POSITIONS,Read1,'AGATCGGAAGAG' 4bp Starts,18
SEQUENCE POSITIONS,Read1,'AGATCGGAAGAG' 5bp Starts,1
SEQUENCE POSITIONS,Read1,'AGATCGGAAGAG' 7bp Starts,3
SEQUENCE POSITIONS,Read1,'AGATCGGAAGAG' 8bp Starts,1
SEQUENCE POSITIONS,Read1,'AGATCGGAAGAG' 12bp Starts,2
SEQUENCE POSITIONS,Read1,'AGATCGGAAGAG' 13bp Starts,1
SEQUENCE POSITIONS,Read1,'AGATCGGAAGAG' 15bp Starts,2
SEQUENCE POSITIONS,Read1,'AGATCGGAAGAG' 18bp Starts,1
SEQUENCE POSITIONS,Read1,'AGATCGGAAGAG' 20bp Starts,2
SEQUENCE POSITIONS,Read1,'AGATCGGAAGAG' 21bp Starts,1
SEQUENCE POSITIONS,Read1,'AGATCGGAAGAG' 22bp Starts,2
SEQUENCE POSITIONS,Read1,'AGATCGGAAGAG' 23bp Starts,3
SEQUENCE POSITIONS,Read1,'AGATCGGAAGAG' 24bp Starts,2
SEQUENCE POSITIONS,Read1,'AGATCGGAAGAG' 25bp Starts,2
SEQUENCE POSITIONS,Read1,'AGATCGGAAGAG' 26bp Starts,2
SEQUENCE POSITIONS,Read1,'AGATCGGAAGAG' 27bp Starts,1
SEQUENCE POSITIONS,Read1,'AGATCGGAAGAG' 28bp Starts,1
SEQUENCE POSITIONS,Read1,'AGATCGGAAGAG' 30bp Starts,8
SEQUENCE POSITIONS,Read1,'AGATCGGAAGAG' 31bp Starts,4
SEQUENCE POSITIONS,Read1,'AGATCGGAAGAG' 32bp Starts,11
SEQUENCE POSITIONS,Read1,'AGATCGGAAGAG' 33bp Starts,4
SEQUENCE POSITIONS,Read1,'AGATCGGAAGAG' 34bp Starts,13
SEQUENCE POSITIONS,Read1,'AGATCGGAAGAG' 35bp Starts,10
SEQUENCE POSITIONS,Read1,'AGATCGGAAGAG' 36bp Starts,7
SEQUENCE POSITIONS,Read1,'AGATCGGAAGAG' 37bp Starts,6
SEQUENCE POSITIONS,Read1,'AGATCGGAAGAG' 38bp Starts,11
SEQUENCE POSITIONS,Read1,'AGATCGGAAGAG' 39bp Starts,6
SEQUENCE POSITIONS,Read1,'AGATCGGAAGAG' 40bp Starts,13
SEQUENCE POSITIONS,Read1,'AGATCGGAAGAG' 41bp Starts,24
SEQUENCE POSITIONS,Read1,'AGATCGGAAGAG' 42bp Starts,18
SEQUENCE POSITIONS,Read1,'AGATCGGAAGAG' 43bp Starts,23
SEQUENCE POSITIONS,Read1,'AGATCGGAAGAG' 44bp Starts,29
SEQUENCE POSITIONS,Read1,'AGATCGGAAGAG' 45bp Starts,18
SEQUENCE POSITIONS,Read1,'AGATCGGAAGAG' 46bp Starts,28
SEQUENCE POSITIONS,Read1,'AGATCGGAAGAG' 47bp Starts,42
SEQUENCE POSITIONS,Read1,'AGATCGGAAGAG' 48bp Starts,43
SEQUENCE POSITIONS,Read1,'AGATCGGAAGAG' 49bp Starts,60
SEQUENCE POSITIONS,Read1,'AGATCGGAAGAG' 50bp Starts,58
SEQUENCE POSITIONS,Read1,'AGATCGGAAGAG' 51bp Starts,62
SEQUENCE POSITIONS,Read1,'AGATCGGAAGAG' 52bp Starts,82
SEQUENCE POSITIONS,Read1,'AGATCGGAAGAG' 53bp Starts,79
SEQUENCE POSITIONS,Read1,'AGATCGGAAGAG' 54bp Starts,99
SEQUENCE POSITIONS,Read1,'AGATCGGAAGAG' 55bp Starts,123
SEQUENCE POSITIONS,Read1,'AGATCGGAAGAG' 56bp Starts,111
SEQUENCE POSITIONS,Read1,'AGATCGGAAGAG' 57bp Starts,120
SEQUENCE POSITIONS,Read1,'AGATCGGAAGAG' 58bp Starts,98
SEQUENCE POSITIONS,Read1,'AGATCGGAAGAG' 59bp Starts,142
SEQUENCE POSITIONS,Read1,'AGATCGGAAGAG' 60bp Starts,172
SEQUENCE POSITIONS,Read1,'AGATCGGAAGAG' 61bp Starts,201
SEQUENCE POSITIONS,Read1,'AGATCGGAAGAG' 62bp Starts,241
SEQUENCE POSITIONS,Read1,'AGATCGGAAGAG' 63bp Starts,256
SEQUENCE POSITIONS,Read1,'AGATCGGAAGAG' 64bp Starts,312
SEQUENCE POSITIONS,Read1,'AGATCGGAAGAG' 65bp Starts,349
SEQUENCE POSITIONS,Read1,'AGATCGGAAGAG' 66bp Starts,408
SEQUENCE POSITIONS,Read1,'AGATCGGAAGAG' 67bp Starts,440
SEQUENCE POSITIONS,Read1,'AGATCGGAAGAG' 68bp Starts,470
SEQUENCE POSITIONS,Read1,'AGATCGGAAGAG' 69bp Starts,467
SEQUENCE POSITIONS,Read1,'AGATCGGAAGAG' 70bp Starts,527
SEQUENCE POSITIONS,Read1,'AGATCGGAAGAG' 71bp Starts,548
SEQUENCE POSITIONS,Read1,'AGATCGGAAGAG' 72bp Starts,563
SEQUENCE POSITIONS,Read1,'AGATCGGAAGAG' 73bp Starts,736
SEQUENCE POSITIONS,Read1,'AGATCGGAAGAG' 74bp Starts,766
SEQUENCE POSITIONS,Read1,'AGATCGGAAGAG' 75bp Starts,678
SEQUENCE POSITIONS,Read1,'AGATCGGAAGAG' 76bp Starts,797
SEQUENCE POSITIONS,Read1,'AGATCGGAAGAG' 77bp Starts,634
SEQUENCE POSITIONS,Read1,'AGATCGGAAGAG' 78bp Starts,622
SEQUENCE POSITIONS,Read1,'AGATCGGAAGAG' 79bp Starts,646
SEQUENCE POSITIONS,Read1,'AGATCGGAAGAG' 80bp Starts,725
SEQUENCE POSITIONS,Read1,'AGATCGGAAGAG' 81bp Starts,609
SEQUENCE POSITIONS,Read1,'AGATCGGAAGAG' 82bp Starts,513
SEQUENCE POSITIONS,Read1,'AGATCGGAAGAG' 83bp Starts,686
SEQUENCE POSITIONS,Read1,'AGATCGGAAGAG' 84bp Starts,694
SEQUENCE POSITIONS,Read1,'AGATCGGAAGAG' 85bp Starts,506
SEQUENCE POSITIONS,Read1,'AGATCGGAAGAG' 86bp Starts,405
SEQUENCE POSITIONS,Read1,'AGATCGGAAGAG' 87bp Starts,262
SEQUENCE POSITIONS,Read1,'AGATCGGAAGAG' 88bp Starts,100
SEQUENCE POSITIONS,Read1,'AGATCGGAAGAG' Total Sequence Starts,15730,0.03
SEQUENCE POSITIONS,Read1,'TGGAATTCTCGG' 1bp Starts,3
SEQUENCE POSITIONS,Read1,'TGGAATTCTCGG' 2bp Starts,40
SEQUENCE POSITIONS,Read1,'TGGAATTCTCGG' 3bp Starts,4
SEQUENCE POSITIONS,Read1,'TGGAATTCTCGG' 4bp Starts,5
SEQUENCE POSITIONS,Read1,'TGGAATTCTCGG' 5bp Starts,2
SEQUENCE POSITIONS,Read1,'TGGAATTCTCGG' 6bp Starts,1
SEQUENCE POSITIONS,Read1,'TGGAATTCTCGG' 7bp Starts,8
SEQUENCE POSITIONS,Read1,'TGGAATTCTCGG' 8bp Starts,2
SEQUENCE POSITIONS,Read1,'TGGAATTCTCGG' 9bp Starts,18
SEQUENCE POSITIONS,Read1,'TGGAATTCTCGG' 10bp Starts,10
SEQUENCE POSITIONS,Read1,'TGGAATTCTCGG' 11bp Starts,4
SEQUENCE POSITIONS,Read1,'TGGAATTCTCGG' 14bp Starts,3
SEQUENCE POSITIONS,Read1,'TGGAATTCTCGG' 15bp Starts,14
SEQUENCE POSITIONS,Read1,'TGGAATTCTCGG' 16bp Starts,5
SEQUENCE POSITIONS,Read1,'TGGAATTCTCGG' 17bp Starts,2
SEQUENCE POSITIONS,Read1,'TGGAATTCTCGG' 18bp Starts,3
SEQUENCE POSITIONS,Read1,'TGGAATTCTCGG' 23bp Starts,3
SEQUENCE POSITIONS,Read1,'TGGAATTCTCGG' 26bp Starts,1
SEQUENCE POSITIONS,Read1,'TGGAATTCTCGG' 28bp Starts,4
SEQUENCE POSITIONS,Read1,'TGGAATTCTCGG' 29bp Starts,3
SEQUENCE POSITIONS,Read1,'TGGAATTCTCGG' 30bp Starts,1
SEQUENCE POSITIONS,Read1,'TGGAATTCTCGG' 31bp Starts,1
SEQUENCE POSITIONS,Read1,'TGGAATTCTCGG' 32bp Starts,1
SEQUENCE POSITIONS,Read1,'TGGAATTCTCGG' 33bp Starts,2
SEQUENCE POSITIONS,Read1,'TGGAATTCTCGG' 34bp Starts,1
SEQUENCE POSITIONS,Read1,'TGGAATTCTCGG' 35bp Starts,12
SEQUENCE POSITIONS,Read1,'TGGAATTCTCGG' 37bp Starts,6
SEQUENCE POSITIONS,Read1,'TGGAATTCTCGG' 38bp Starts,4
SEQUENCE POSITIONS,Read1,'TGGAATTCTCGG' 39bp Starts,3
SEQUENCE POSITIONS,Read1,'TGGAATTCTCGG' 40bp Starts,1
SEQUENCE POSITIONS,Read1,'TGGAATTCTCGG' 42bp Starts,6
SEQUENCE POSITIONS,Read1,'TGGAATTCTCGG' 43bp Starts,3
SEQUENCE POSITIONS,Read1,'TGGAATTCTCGG' 44bp Starts,12
SEQUENCE POSITIONS,Read1,'TGGAATTCTCGG' 45bp Starts,6
SEQUENCE POSITIONS,Read1,'TGGAATTCTCGG' 46bp Starts,5
SEQUENCE POSITIONS,Read1,'TGGAATTCTCGG' 48bp Starts,6
SEQUENCE POSITIONS,Read1,'TGGAATTCTCGG' 49bp Starts,1
SEQUENCE POSITIONS,Read1,'TGGAATTCTCGG' 50bp Starts,4
SEQUENCE POSITIONS,Read1,'TGGAATTCTCGG' 51bp Starts,21
SEQUENCE POSITIONS,Read1,'TGGAATTCTCGG' 52bp Starts,8
SEQUENCE POSITIONS,Read1,'TGGAATTCTCGG' 53bp Starts,108
SEQUENCE POSITIONS,Read1,'TGGAATTCTCGG' 54bp Starts,4
SEQUENCE POSITIONS,Read1,'TGGAATTCTCGG' 55bp Starts,27
SEQUENCE POSITIONS,Read1,'TGGAATTCTCGG' 56bp Starts,5
SEQUENCE POSITIONS,Read1,'TGGAATTCTCGG' 57bp Starts,25
SEQUENCE POSITIONS,Read1,'TGGAATTCTCGG' 58bp Starts,43
SEQUENCE POSITIONS,Read1,'TGGAATTCTCGG' 59bp Starts,1
SEQUENCE POSITIONS,Read1,'TGGAATTCTCGG' 60bp Starts,33
SEQUENCE POSITIONS,Read1,'TGGAATTCTCGG' 61bp Starts,55
SEQUENCE POSITIONS,Read1,'TGGAATTCTCGG' 62bp Starts,101
SEQUENCE POSITIONS,Read1,'TGGAATTCTCGG' 63bp Starts,133
SEQUENCE POSITIONS,Read1,'TGGAATTCTCGG' 64bp Starts,1
SEQUENCE POSITIONS,Read1,'TGGAATTCTCGG' 71bp Starts,3
SEQUENCE POSITIONS,Read1,'TGGAATTCTCGG' 72bp Starts,4
SEQUENCE POSITIONS,Read1,'TGGAATTCTCGG' 73bp Starts,5
SEQUENCE POSITIONS,Read1,'TGGAATTCTCGG' 75bp Starts,1
SEQUENCE POSITIONS,Read1,'TGGAATTCTCGG' 77bp Starts,5
SEQUENCE POSITIONS,Read1,'TGGAATTCTCGG' 78bp Starts,1
SEQUENCE POSITIONS,Read1,'TGGAATTCTCGG' 86bp Starts,1
SEQUENCE POSITIONS,Read1,'TGGAATTCTCGG' 87bp Starts,2
SEQUENCE POSITIONS,Read1,'TGGAATTCTCGG' 89bp Starts,1
SEQUENCE POSITIONS,Read1,'TGGAATTCTCGG' 90bp Starts,2
SEQUENCE POSITIONS,Read1,'TGGAATTCTCGG' Total Sequence Starts,800,0.00
SEQUENCE POSITIONS,Read1,'GATCGTCGGACT' Total Sequence Starts,0,0.00
SEQUENCE POSITIONS,Read1,'CTGTCTCTTATA' 1bp Starts,2
SEQUENCE POSITIONS,Read1,'CTGTCTCTTATA' 2bp Starts,10
SEQUENCE POSITIONS,Read1,'CTGTCTCTTATA' 3bp Starts,3
SEQUENCE POSITIONS,Read1,'CTGTCTCTTATA' 4bp Starts,6
SEQUENCE POSITIONS,Read1,'CTGTCTCTTATA' 5bp Starts,1
SEQUENCE POSITIONS,Read1,'CTGTCTCTTATA' 6bp Starts,3
SEQUENCE POSITIONS,Read1,'CTGTCTCTTATA' 7bp Starts,2
SEQUENCE POSITIONS,Read1,'CTGTCTCTTATA' 8bp Starts,3
SEQUENCE POSITIONS,Read1,'CTGTCTCTTATA' 11bp Starts,2
SEQUENCE POSITIONS,Read1,'CTGTCTCTTATA' 12bp Starts,2
SEQUENCE POSITIONS,Read1,'CTGTCTCTTATA' 13bp Starts,2
SEQUENCE POSITIONS,Read1,'CTGTCTCTTATA' 14bp Starts,9
SEQUENCE POSITIONS,Read1,'CTGTCTCTTATA' 15bp Starts,7
SEQUENCE POSITIONS,Read1,'CTGTCTCTTATA' 16bp Starts,4
SEQUENCE POSITIONS,Read1,'CTGTCTCTTATA' 17bp Starts,7
SEQUENCE POSITIONS,Read1,'CTGTCTCTTATA' 18bp Starts,16
SEQUENCE POSITIONS,Read1,'CTGTCTCTTATA' 19bp Starts,2
SEQUENCE POSITIONS,Read1,'CTGTCTCTTATA' 20bp Starts,1
SEQUENCE POSITIONS,Read1,'CTGTCTCTTATA' 21bp Starts,3
SEQUENCE POSITIONS,Read1,'CTGTCTCTTATA' 22bp Starts,1
SEQUENCE POSITIONS,Read1,'CTGTCTCTTATA' 23bp Starts,4
SEQUENCE POSITIONS,Read1,'CTGTCTCTTATA' 24bp Starts,1
SEQUENCE POSITIONS,Read1,'CTGTCTCTTATA' 25bp Starts,5
SEQUENCE POSITIONS,Read1,'CTGTCTCTTATA' 26bp Starts,14
SEQUENCE POSITIONS,Read1,'CTGTCTCTTATA' 27bp Starts,2
SEQUENCE POSITIONS,Read1,'CTGTCTCTTATA' 28bp Starts,5
SEQUENCE POSITIONS,Read1,'CTGTCTCTTATA' 29bp Starts,2
SEQUENCE POSITIONS,Read1,'CTGTCTCTTATA' 30bp Starts,4
SEQUENCE POSITIONS,Read1,'CTGTCTCTTATA' 32bp Starts,1
SEQUENCE POSITIONS,Read1,'CTGTCTCTTATA' 33bp Starts,1
SEQUENCE POSITIONS,Read1,'CTGTCTCTTATA' 34bp Starts,2
SEQUENCE POSITIONS,Read1,'CTGTCTCTTATA' 35bp Starts,2
SEQUENCE POSITIONS,Read1,'CTGTCTCTTATA' 36bp Starts,1
SEQUENCE POSITIONS,Read1,'CTGTCTCTTATA' 37bp Starts,6
SEQUENCE POSITIONS,Read1,'CTGTCTCTTATA' 38bp Starts,3
SEQUENCE POSITIONS,Read1,'CTGTCTCTTATA' 39bp Starts,5
SEQUENCE POSITIONS,Read1,'CTGTCTCTTATA' 40bp Starts,6
SEQUENCE POSITIONS,Read1,'CTGTCTCTTATA' 41bp Starts,4
SEQUENCE POSITIONS,Read1,'CTGTCTCTTATA' 42bp Starts,6
SEQUENCE POSITIONS,Read1,'CTGTCTCTTATA' 43bp Starts,2
SEQUENCE POSITIONS,Read1,'CTGTCTCTTATA' 44bp Starts,4
SEQUENCE POSITIONS,Read1,'CTGTCTCTTATA' 45bp Starts,3
SEQUENCE POSITIONS,Read1,'CTGTCTCTTATA' 46bp Starts,5
SEQUENCE POSITIONS,Read1,'CTGTCTCTTATA' 47bp Starts,4
SEQUENCE POSITIONS,Read1,'CTGTCTCTTATA' 48bp Starts,1
SEQUENCE POSITIONS,Read1,'CTGTCTCTTATA' 49bp Starts,1
SEQUENCE POSITIONS,Read1,'CTGTCTCTTATA' 52bp Starts,2
SEQUENCE POSITIONS,Read1,'CTGTCTCTTATA' 54bp Starts,3
SEQUENCE POSITIONS,Read1,'CTGTCTCTTATA' 55bp Starts,3
SEQUENCE POSITIONS,Read1,'CTGTCTCTTATA' 56bp Starts,1
SEQUENCE POSITIONS,Read1,'CTGTCTCTTATA' 57bp Starts,1
SEQUENCE POSITIONS,Read1,'CTGTCTCTTATA' 58bp Starts,6
SEQUENCE POSITIONS,Read1,'CTGTCTCTTATA' 59bp Starts,6
SEQUENCE POSITIONS,Read1,'CTGTCTCTTATA' 60bp Starts,4
SEQUENCE POSITIONS,Read1,'CTGTCTCTTATA' 61bp Starts,3
SEQUENCE POSITIONS,Read1,'CTGTCTCTTATA' 62bp Starts,2
SEQUENCE POSITIONS,Read1,'CTGTCTCTTATA' 63bp Starts,13
SEQUENCE POSITIONS,Read1,'CTGTCTCTTATA' 64bp Starts,11
SEQUENCE POSITIONS,Read1,'CTGTCTCTTATA' 65bp Starts,3
SEQUENCE POSITIONS,Read1,'CTGTCTCTTATA' 66bp Starts,5
SEQUENCE POSITIONS,Read1,'CTGTCTCTTATA' 67bp Starts,10
SEQUENCE POSITIONS,Read1,'CTGTCTCTTATA' 68bp Starts,10
SEQUENCE POSITIONS,Read1,'CTGTCTCTTATA' 69bp Starts,1
SEQUENCE POSITIONS,Read1,'CTGTCTCTTATA' 70bp Starts,3
SEQUENCE POSITIONS,Read1,'CTGTCTCTTATA' 71bp Starts,8
SEQUENCE POSITIONS,Read1,'CTGTCTCTTATA' 72bp Starts,8
SEQUENCE POSITIONS,Read1,'CTGTCTCTTATA' 73bp Starts,14
SEQUENCE POSITIONS,Read1,'CTGTCTCTTATA' 74bp Starts,14
SEQUENCE POSITIONS,Read1,'CTGTCTCTTATA' 75bp Starts,2
SEQUENCE POSITIONS,Read1,'CTGTCTCTTATA' 76bp Starts,6
SEQUENCE POSITIONS,Read1,'CTGTCTCTTATA' 77bp Starts,9
SEQUENCE POSITIONS,Read1,'CTGTCTCTTATA' 78bp Starts,4
SEQUENCE POSITIONS,Read1,'CTGTCTCTTATA' 79bp Starts,1
SEQUENCE POSITIONS,Read1,'CTGTCTCTTATA' 80bp Starts,1
SEQUENCE POSITIONS,Read1,'CTGTCTCTTATA' 81bp Starts,7
SEQUENCE POSITIONS,Read1,'CTGTCTCTTATA' 82bp Starts,4
SEQUENCE POSITIONS,Read1,'CTGTCTCTTATA' 83bp Starts,12
SEQUENCE POSITIONS,Read1,'CTGTCTCTTATA' 84bp Starts,2
SEQUENCE POSITIONS,Read1,'CTGTCTCTTATA' 85bp Starts,3
SEQUENCE POSITIONS,Read1,'CTGTCTCTTATA' 86bp Starts,9
SEQUENCE POSITIONS,Read1,'CTGTCTCTTATA' 87bp Starts,5
SEQUENCE POSITIONS,Read1,'CTGTCTCTTATA' 88bp Starts,6
SEQUENCE POSITIONS,Read1,'CTGTCTCTTATA' 89bp Starts,3
SEQUENCE POSITIONS,Read1,'CTGTCTCTTATA' Total Sequence Starts,385,0.00
POSITIONAL QUALITY,Read1,ReadPos 1 1% Quantile QV,25
POSITIONAL QUALITY,Read1,ReadPos 1 2% Quantile QV,37
POSITIONAL QUALITY,Read1,ReadPos 1 5% Quantile QV,37
POSITIONAL QUALITY,Read1,ReadPos 1 10% Quantile QV,37
POSITIONAL QUALITY,Read1,ReadPos 1 25% Quantile QV,37
POSITIONAL QUALITY,Read1,ReadPos 1 50% Quantile QV,37
POSITIONAL QUALITY,Read1,ReadPos 1 75% Quantile QV,37
POSITIONAL QUALITY,Read1,ReadPos 1 90% Quantile QV,37
POSITIONAL QUALITY,Read1,ReadPos 1 95% Quantile QV,37
POSITIONAL QUALITY,Read1,ReadPos 1 98% Quantile QV,37
POSITIONAL QUALITY,Read1,ReadPos 1 99% Quantile QV,37
POSITIONAL QUALITY,Read1,ReadPos 2 1% Quantile QV,25
POSITIONAL QUALITY,Read1,ReadPos 2 2% Quantile QV,25
POSITIONAL QUALITY,Read1,ReadPos 2 5% Quantile QV,37
POSITIONAL QUALITY,Read1,ReadPos 2 10% Quantile QV,37
POSITIONAL QUALITY,Read1,ReadPos 2 25% Quantile QV,37
POSITIONAL QUALITY,Read1,ReadPos 2 50% Quantile QV,37
POSITIONAL QUALITY,Read1,ReadPos 2 75% Quantile QV,37
POSITIONAL QUALITY,Read1,ReadPos 2 90% Quantile QV,37
POSITIONAL QUALITY,Read1,ReadPos 2 95% Quantile QV,37
POSITIONAL QUALITY,Read1,ReadPos 2 98% Quantile QV,37
POSITIONAL QUALITY,Read1,ReadPos 2 99% Quantile QV,37
POSITIONAL QUALITY,Read1,ReadPos 3 1% Quantile QV,25
POSITIONAL QUALITY,Read1,ReadPos 3 2% Quantile QV,25
POSITIONAL QUALITY,Read1,ReadPos 3 5% Quantile QV,37
POSITIONAL QUALITY,Read1,ReadPos 3 10% Quantile QV,37
POSITIONAL QUALITY,Read1,ReadPos 3 25% Quantile QV,37
POSITIONAL QUALITY,Read1,ReadPos 3 50% Quantile QV,37
POSITIONAL QUALITY,Read1,ReadPos 3 75% Quantile QV,37
POSITIONAL QUALITY,Read1,ReadPos 3 90% Quantile QV,37
POSITIONAL QUALITY,Read1,ReadPos 3 95% Quantile QV,37
POSITIONAL QUALITY,Read1,ReadPos 3 98% Quantile QV,37
POSITIONAL QUALITY,Read1,ReadPos 3 99% Quantile QV,37
POSITIONAL QUALITY,Read1,ReadPos 4 1% Quantile QV,25
POSITIONAL QUALITY,Read1,ReadPos 4 2% Quantile QV,25
POSITIONAL QUALITY,Read1,ReadPos 4 5% Quantile QV,37
POSITIONAL QUALITY,Read1,ReadPos 4 10% Quantile QV,37
POSITIONAL QUALITY,Read1,ReadPos 4 25% Quantile QV,37
POSITIONAL QUALITY,Read1,ReadPos 4 50% Quantile QV,37
POSITIONAL QUALITY,Read1,ReadPos 4 75% Quantile QV,37
POSITIONAL QUALITY,Read1,ReadPos 4 90% Quantile QV,37
POSITIONAL QUALITY,Read1,ReadPos 4 95% Quantile QV,37
POSITIONAL QUALITY,Read1,ReadPos 4 98% Quantile QV,37
POSITIONAL QUALITY,Read1,ReadPos 4 99% Quantile QV,37
POSITIONAL QUALITY,Read1,ReadPos 5 1% Quantile QV,25
POSITIONAL QUALITY,Read1,ReadPos 5 2% Quantile QV,25
POSITIONAL QUALITY,Read1,ReadPos 5 5% Quantile QV,37
POSITIONAL QUALITY,Read1,ReadPos 5 10% Quantile QV,37
POSITIONAL QUALITY,Read1,ReadPos 5 25% Quantile QV,37
POSITIONAL QUALITY,Read1,ReadPos 5 50% Quantile QV,37
POSITIONAL QUALITY,Read1,ReadPos 5 75% Quantile QV,37
POSITIONAL QUALITY,Read1,ReadPos 5 90% Quantile QV,37
POSITIONAL QUALITY,Read1,ReadPos 5 95% Quantile QV,37
POSITIONAL QUALITY,Read1,ReadPos 5 98% Quantile QV,37
POSITIONAL QUALITY,Read1,ReadPos 5 99% Quantile QV,37
POSITIONAL QUALITY,Read1,ReadPos 6 1% Quantile QV,25
POSITIONAL QUALITY,Read1,ReadPos 6 2% Quantile QV,25
POSITIONAL QUALITY,Read1,ReadPos 6 5% Quantile QV,37
POSITIONAL QUALITY,Read1,ReadPos 6 10% Quantile QV,37
POSITIONAL QUALITY,Read1,ReadPos 6 25% Quantile QV,37
POSITIONAL QUALITY,Read1,ReadPos 6 50% Quantile QV,37
POSITIONAL QUALITY,Read1,ReadPos 6 75% Quantile QV,37
POSITIONAL QUALITY,Read1,ReadPos 6 90% Quantile QV,37
POSITIONAL QUALITY,Read1,ReadPos 6 95% Quantile QV,37
POSITIONAL QUALITY,Read1,ReadPos 6 98% Quantile QV,37
POSITIONAL QUALITY,Read1,ReadPos 6 99% Quantile QV,37
POSITIONAL QUALITY,Read1,ReadPos 7 1% Quantile QV,25
POSITIONAL QUALITY,Read1,ReadPos 7 2% Quantile QV,25
POSITIONAL QUALITY,Read1,ReadPos 7 5% Quantile QV,37
POSITIONAL QUALITY,Read1,ReadPos 7 10% Quantile QV,37
POSITIONAL QUALITY,Read1,ReadPos 7 25% Quantile QV,37
POSITIONAL QUALITY,Read1,ReadPos 7 50% Quantile QV,37
POSITIONAL QUALITY,Read1,ReadPos 7 75% Quantile QV,37
POSITIONAL QUALITY,Read1,ReadPos 7 90% Quantile QV,37
POSITIONAL QUALITY,Read1,ReadPos 7 95% Quantile QV,37
POSITIONAL QUALITY,Read1,ReadPos 7 98% Quantile QV,37
POSITIONAL QUALITY,Read1,ReadPos 7 99% Quantile QV,37
POSITIONAL QUALITY,Read1,ReadPos 8 1% Quantile QV,25
POSITIONAL QUALITY,Read1,ReadPos 8 2% Quantile QV,25
POSITIONAL QUALITY,Read1,ReadPos 8 5% Quantile QV,37
POSITIONAL QUALITY,Read1,ReadPos 8 10% Quantile QV,37
POSITIONAL QUALITY,Read1,ReadPos 8 25% Quantile QV,37
POSITIONAL QUALITY,Read1,ReadPos 8 50% Quantile QV,37
POSITIONAL QUALITY,Read1,ReadPos 8 75% Quantile QV,37
POSITIONAL QUALITY,Read1,ReadPos 8 90% Quantile QV,37
POSITIONAL QUALITY,Read1,ReadPos 8 95% Quantile QV,37
POSITIONAL QUALITY,Read1,ReadPos 8 98% Quantile QV,37
POSITIONAL QUALITY,Read1,ReadPos 8 99% Quantile QV,37
POSITIONAL QUALITY,Read1,ReadPos 9 1% Quantile QV,25
POSITIONAL QUALITY,Read1,ReadPos 9 2% Quantile QV,25
POSITIONAL QUALITY,Read1,ReadPos 9 5% Quantile QV,37
POSITIONAL QUALITY,Read1,ReadPos 9 10% Quantile QV,37
POSITIONAL QUALITY,Read1,ReadPos 9 25% Quantile QV,37
POSITIONAL QUALITY,Read1,ReadPos 9 50% Quantile QV,37
POSITIONAL QUALITY,Read1,ReadPos 9 75% Quantile QV,37
POSITIONAL QUALITY,Read1,ReadPos 9 90% Quantile QV,37
POSITIONAL QUALITY,Read1,ReadPos 9 95% Quantile QV,37
POSITIONAL QUALITY,Read1,ReadPos 9 98% Quantile QV,37
POSITIONAL QUALITY,Read1,ReadPos 9 99% Quantile QV,37
POSITIONAL QUALITY,Read1,ReadPos 10 1% Quantile QV,25
POSITIONAL QUALITY,Read1,ReadPos 10 2% Quantile QV,25
POSITIONAL QUALITY,Read1,ReadPos 10 5% Quantile QV,37
POSITIONAL QUALITY,Read1,ReadPos 10 10% Quantile QV,37
POSITIONAL QUALITY,Read1,ReadPos 10 25% Quantile QV,37
POSITIONAL QUALITY,Read1,ReadPos 10 50% Quantile QV,37
POSITIONAL QUALITY,Read1,ReadPos 10 75% Quantile QV,37
POSITIONAL QUALITY,Read1,ReadPos 10 90% Quantile QV,37
POSITIONAL QUALITY,Read1,ReadPos 10 95% Quantile QV,37
POSITIONAL QUALITY,Read1,ReadPos 10 98% Quantile QV,37
POSITIONAL QUALITY,Read1,ReadPos 10 99% Quantile QV,37
POSITIONAL QUALITY,Read1,ReadPos 11 1% Quantile QV,25
POSITIONAL QUALITY,Read1,ReadPos 11 2% Quantile QV,25
POSITIONAL QUALITY,Read1,ReadPos 11 5% Quantile QV,37
POSITIONAL QUALITY,Read1,ReadPos 11 10% Quantile QV,37
POSITIONAL QUALITY,Read1,ReadPos 11 25% Quantile QV,37
POSITIONAL QUALITY,Read1,ReadPos 11 50% Quantile QV,37
POSITIONAL QUALITY,Read1,ReadPos 11 75% Quantile QV,37
POSITIONAL QUALITY,Read1,ReadPos 11 90% Quantile QV,37
POSITIONAL QUALITY,Read1,ReadPos 11 95% Quantile QV,37
POSITIONAL QUALITY,Read1,ReadPos 11 98% Quantile QV,37
POSITIONAL QUALITY,Read1,ReadPos 11 99% Quantile QV,37
POSITIONAL QUALITY,Read1,ReadPos 12 1% Quantile QV,25
POSITIONAL QUALITY,Read1,ReadPos 12 2% Quantile QV,25
POSITIONAL QUALITY,Read1,ReadPos 12 5% Quantile QV,37
POSITIONAL QUALITY,Read1,ReadPos 12 10% Quantile QV,37
POSITIONAL QUALITY,Read1,ReadPos 12 25% Quantile QV,37
POSITIONAL QUALITY,Read1,ReadPos 12 50% Quantile QV,37
POSITIONAL QUALITY,Read1,ReadPos 12 75% Quantile QV,37
POSITIONAL QUALITY,Read1,ReadPos 12 90% Quantile QV,37
POSITIONAL QUALITY,Read1,ReadPos 12 95% Quantile QV,37
POSITIONAL QUALITY,Read1,ReadPos 12 98% Quantile QV,37
POSITIONAL QUALITY,Read1,ReadPos 12 99% Quantile QV,37
POSITIONAL QUALITY,Read1,ReadPos 13 1% Quantile QV,25
POSITIONAL QUALITY,Read1,ReadPos 13 2% Quantile QV,25
POSITIONAL QUALITY,Read1,ReadPos 13 5% Quantile QV,37
POSITIONAL QUALITY,Read1,ReadPos 13 10% Quantile QV,37
POSITIONAL QUALITY,Read1,ReadPos 13 25% Quantile QV,37
POSITIONAL QUALITY,Read1,ReadPos 13 50% Quantile QV,37
POSITIONAL QUALITY,Read1,ReadPos 13 75% Quantile QV,37
POSITIONAL QUALITY,Read1,ReadPos 13 90% Quantile QV,37
POSITIONAL QUALITY,Read1,ReadPos 13 95% Quantile QV,37
POSITIONAL QUALITY,Read1,ReadPos 13 98% Quantile QV,37
POSITIONAL QUALITY,Read1,ReadPos 13 99% Quantile QV,37
POSITIONAL QUALITY,Read1,ReadPos 14 1% Quantile QV,25
POSITIONAL QUALITY,Read1,ReadPos 14 2% Quantile QV,25
POSITIONAL QUALITY,Read1,ReadPos 14 5% Quantile QV,37
POSITIONAL QUALITY,Read1,ReadPos 14 10% Quantile QV,37
POSITIONAL QUALITY,Read1,ReadPos 14 25% Quantile QV,37
POSITIONAL QUALITY,Read1,ReadPos 14 50% Quantile QV,37
POSITIONAL QUALITY,Read1,ReadPos 14 75% Quantile QV,37
POSITIONAL QUALITY,Read1,ReadPos 14 90% Quantile QV,37
POSITIONAL QUALITY,Read1,ReadPos 14 95% Quantile QV,37
POSITIONAL QUALITY,Read1,ReadPos 14 98% Quantile QV,37
POSITIONAL QUALITY,Read1,ReadPos 14 99% Quantile QV,37
POSITIONAL QUALITY,Read1,ReadPos 15 1% Quantile QV,25
POSITIONAL QUALITY,Read1,ReadPos 15 2% Quantile QV,25
POSITIONAL QUALITY,Read1,ReadPos 15 5% Quantile QV,37
POSITIONAL QUALITY,Read1,ReadPos 15 10% Quantile QV,37
POSITIONAL QUALITY,Read1,ReadPos 15 25% Quantile QV,37
POSITIONAL QUALITY,Read1,ReadPos 15 50% Quantile QV,37
POSITIONAL QUALITY,Read1,ReadPos 15 75% Quantile QV,37
POSITIONAL QUALITY,Read1,ReadPos 15 90% Quantile QV,37
POSITIONAL QUALITY,Read1,ReadPos 15 95% Quantile QV,37
POSITIONAL QUALITY,Read1,ReadPos 15 98% Quantile QV,37
POSITIONAL QUALITY,Read1,ReadPos 15 99% Quantile QV,37
POSITIONAL QUALITY,Read1,ReadPos 16 1% Quantile QV,25
POSITIONAL QUALITY,Read1,ReadPos 16 2% Quantile QV,25
POSITIONAL QUALITY,Read1,ReadPos 16 5% Quantile QV,37
POSITIONAL QUALITY,Read1,ReadPos 16 10% Quantile QV,37
POSITIONAL QUALITY,Read1,ReadPos 16 25% Quantile QV,37
POSITIONAL QUALITY,Read1,ReadPos 16 50% Quantile QV,37
POSITIONAL QUALITY,Read1,ReadPos 16 75% Quantile QV,37
POSITIONAL QUALITY,Read1,ReadPos 16 90% Quantile QV,37
POSITIONAL QUALITY,Read1,ReadPos 16 95% Quantile QV,37
POSITIONAL QUALITY,Read1,ReadPos 16 98% Quantile QV,37
POSITIONAL QUALITY,Read1,ReadPos 16 99% Quantile QV,37
POSITIONAL QUALITY,Read1,ReadPos 17 1% Quantile QV,25
POSITIONAL QUALITY,Read1,ReadPos 17 2% Quantile QV,25
POSITIONAL QUALITY,Read1,ReadPos 17 5% Quantile QV,37
POSITIONAL QUALITY,Read1,ReadPos 17 10% Quantile QV,37
POSITIONAL QUALITY,Read1,ReadPos 17 25% Quantile QV,37
POSITIONAL QUALITY,Read1,ReadPos 17 50% Quantile QV,37
POSITIONAL QUALITY,Read1,ReadPos 17 75% Quantile QV,37
POSITIONAL QUALITY,Read1,ReadPos 17 90% Quantile QV,37
POSITIONAL QUALITY,Read1,ReadPos 17 95% Quantile QV,37
POSITIONAL QUALITY,Read1,ReadPos 17 98% Quantile QV,37
POSITIONAL QUALITY,Read1,ReadPos 17 99% Quantile QV,37
POSITIONAL QUALITY,Read1,ReadPos 18 1% Quantile QV,25
POSITIONAL QUALITY,Read1,ReadPos 18 2% Quantile QV,25
POSITIONAL QUALITY,Read1,ReadPos 18 5% Quantile QV,37
POSITIONAL QUALITY,Read1,ReadPos 18 10% Quantile QV,37
POSITIONAL QUALITY,Read1,ReadPos 18 25% Quantile QV,37
POSITIONAL QUALITY,Read1,ReadPos 18 50% Quantile QV,37
POSITIONAL QUALITY,Read1,ReadPos 18 75% Quantile QV,37
POSITIONAL QUALITY,Read1,ReadPos 18 90% Quantile QV,37
POSITIONAL QUALITY,Read1,ReadPos 18 95% Quantile QV,37
POSITIONAL QUALITY,Read1,ReadPos 18 98% Quantile QV,37
POSITIONAL QUALITY,Read1,ReadPos 18 99% Quantile QV,37
POSITIONAL QUALITY,Read1,ReadPos 19 1% Quantile QV,25
POSITIONAL QUALITY,Read1,ReadPos 19 2% Quantile QV,25
POSITIONAL QUALITY,Read1,ReadPos 19 5% Quantile QV,37
POSITIONAL QUALITY,Read1,ReadPos 19 10% Quantile QV,37
POSITIONAL QUALITY,Read1,ReadPos 19 25% Quantile QV,37
POSITIONAL QUALITY,Read1,ReadPos 19 50% Quantile QV,37
POSITIONAL QUALITY,Read1,ReadPos 19 75% Quantile QV,37
POSITIONAL QUALITY,Read1,ReadPos 19 90% Quantile QV,37
POSITIONAL QUALITY,Read1,ReadPos 19 95% Quantile QV,37
POSITIONAL QUALITY,Read1,ReadPos 19 98% Quantile QV,37
POSITIONAL QUALITY,Read1,ReadPos 19 99% Quantile QV,37
POSITIONAL QUALITY,Read1,ReadPos 20 1% Quantile QV,25
POSITIONAL QUALITY,Read1,ReadPos 20 2% Quantile QV,25
POSITIONAL QUALITY,Read1,ReadPos 20 5% Quantile QV,37
POSITIONAL QUALITY,Read1,ReadPos 20 10% Quantile QV,37
POSITIONAL QUALITY,Read1,ReadPos 20 25% Quantile QV,37
POSITIONAL QUALITY,Read1,ReadPos 20 50% Quantile QV,37
POSITIONAL QUALITY,Read1,ReadPos 20 75% Quantile QV,37
POSITIONAL QUALITY,Read1,ReadPos 20 90% Quantile QV,37
POSITIONAL QUALITY,Read1,ReadPos 20 95% Quantile QV,37
POSITIONAL QUALITY,Read1,ReadPos 20 98% Quantile QV,37
POSITIONAL QUALITY,Read1,ReadPos 20 99% Quantile QV,37
POSITIONAL QUALITY,Read1,ReadPos 21 1% Quantile QV,25
POSITIONAL QUALITY,Read1,ReadPos 21 2% Quantile QV,25
POSITIONAL QUALITY,Read1,ReadPos 21 5% Quantile QV,37
POSITIONAL QUALITY,Read1,ReadPos 21 10% Quantile QV,37
POSITIONAL QUALITY,Read1,ReadPos 21 25% Quantile QV,37
POSITIONAL QUALITY,Read1,ReadPos 21 50% Quantile QV,37
POSITIONAL QUALITY,Read1,ReadPos 21 75% Quantile QV,37
POSITIONAL QUALITY,Read1,ReadPos 21 90% Quantile QV,37
POSITIONAL QUALITY,Read1,ReadPos 21 95% Quantile QV,37
POSITIONAL QUALITY,Read1,ReadPos 21 98% Quantile QV,37
POSITIONAL QUALITY,Read1,ReadPos 21 99% Quantile QV,37
POSITIONAL QUALITY,Read1,ReadPos 22 1% Quantile QV,25
POSITIONAL QUALITY,Read1,ReadPos 22 2% Quantile QV,25
POSITIONAL QUALITY,Read1,ReadPos 22 5% Quantile QV,37
POSITIONAL QUALITY,Read1,ReadPos 22 10% Quantile QV,37
POSITIONAL QUALITY,Read1,ReadPos 22 25% Quantile QV,37
POSITIONAL QUALITY,Read1,ReadPos 22 50% Quantile QV,37
POSITIONAL QUALITY,Read1,ReadPos 22 75% Quantile QV,37
POSITIONAL QUALITY,Read1,ReadPos 22 90% Quantile QV,37
POSITIONAL QUALITY,Read1,ReadPos 22 95% Quantile QV,37
POSITIONAL QUALITY,Read1,ReadPos 22 98% Quantile QV,37
POSITIONAL QUALITY,Read1,ReadPos 22 99% Quantile QV,37
POSITIONAL QUALITY,Read1,ReadPos 23 1% Quantile QV,25
POSITIONAL QUALITY,Read1,ReadPos 23 2% Quantile QV,25
POSITIONAL QUALITY,Read1,ReadPos 23 5% Quantile QV,37
POSITIONAL QUALITY,Read1,ReadPos 23 10% Quantile QV,37
POSITIONAL QUALITY,Read1,ReadPos 23 25% Quantile QV,37
POSITIONAL QUALITY,Read1,ReadPos 23 50% Quantile QV,37
POSITIONAL QUALITY,Read1,ReadPos 23 75% Quantile QV,37
POSITIONAL QUALITY,Read1,ReadPos 23 90% Quantile QV,37
POSITIONAL QUALITY,Read1,ReadPos 23 95% Quantile QV,37
POSITIONAL QUALITY,Read1,ReadPos 23 98% Quantile QV,37
POSITIONAL QUALITY,Read1,ReadPos 23 99% Quantile QV,37
POSITIONAL QUALITY,Read1,ReadPos 24 1% Quantile QV,25
POSITIONAL QUALITY,Read1,ReadPos 24 2% Quantile QV,25
POSITIONAL QUALITY,Read1,ReadPos 24 5% Quantile QV,37
POSITIONAL QUALITY,Read1,ReadPos 24 10% Quantile QV,37
POSITIONAL QUALITY,Read1,ReadPos 24 25% Quantile QV,37
POSITIONAL QUALITY,Read1,ReadPos 24 50% Quantile QV,37
POSITIONAL QUALITY,Read1,ReadPos 24 75% Quantile QV,37
POSITIONAL QUALITY,Read1,ReadPos 24 90% Quantile QV,37
POSITIONAL QUALITY,Read1,ReadPos 24 95% Quantile QV,37
POSITIONAL QUALITY,Read1,ReadPos 24 98% Quantile QV,37
POSITIONAL QUALITY,Read1,ReadPos 24 99% Quantile QV,37
POSITIONAL QUALITY,Read1,ReadPos 25 1% Quantile QV,25
POSITIONAL QUALITY,Read1,ReadPos 25 2% Quantile QV,25
POSITIONAL QUALITY,Read1,ReadPos 25 5% Quantile QV,37
POSITIONAL QUALITY,Read1,ReadPos 25 10% Quantile QV,37
POSITIONAL QUALITY,Read1,ReadPos 25 25% Quantile QV,37
POSITIONAL QUALITY,Read1,ReadPos 25 50% Quantile QV,37
POSITIONAL QUALITY,Read1,ReadPos 25 75% Quantile QV,37
POSITIONAL QUALITY,Read1,ReadPos 25 90% Quantile QV,37
POSITIONAL QUALITY,Read1,ReadPos 25 95% Quantile QV,37
POSITIONAL QUALITY,Read1,ReadPos 25 98% Quantile QV,37
POSITIONAL QUALITY,Read1,ReadPos 25 99% Quantile QV,37
POSITIONAL QUALITY,Read1,ReadPos 26 1% Quantile QV,25
POSITIONAL QUALITY,Read1,ReadPos 26 2% Quantile QV,25
POSITIONAL QUALITY,Read1,ReadPos 26 5% Quantile QV,37
POSITIONAL QUALITY,Read1,ReadPos 26 10% Quantile QV,37
POSITIONAL QUALITY,Read1,ReadPos 26 25% Quantile QV,37
POSITIONAL QUALITY,Read1,ReadPos 26 50% Quantile QV,37
POSITIONAL QUALITY,Read1,ReadPos 26 75% Quantile QV,37
POSITIONAL QUALITY,Read1,ReadPos 26 90% Quantile QV,37
POSITIONAL QUALITY,Read1,ReadPos 26 95% Quantile QV,37
POSITIONAL QUALITY,Read1,ReadPos 26 98% Quantile QV,37
POSITIONAL QUALITY,Read1,ReadPos 26 99% Quantile QV,37
POSITIONAL QUALITY,Read1,ReadPos 27 1% Quantile QV,25
POSITIONAL QUALITY,Read1,ReadPos 27 2% Quantile QV,25
POSITIONAL QUALITY,Read1,ReadPos 27 5% Quantile QV,37
POSITIONAL QUALITY,Read1,ReadPos 27 10% Quantile QV,37
POSITIONAL QUALITY,Read1,ReadPos 27 25% Quantile QV,37
POSITIONAL QUALITY,Read1,ReadPos 27 50% Quantile QV,37
POSITIONAL QUALITY,Read1,ReadPos 27 75% Quantile QV,37
POSITIONAL QUALITY,Read1,ReadPos 27 90% Quantile QV,37
POSITIONAL QUALITY,Read1,ReadPos 27 95% Quantile QV,37
POSITIONAL QUALITY,Read1,ReadPos 27 98% Quantile QV,37
POSITIONAL QUALITY,Read1,ReadPos 27 99% Quantile QV,37
POSITIONAL QUALITY,Read1,ReadPos 28 1% Quantile QV,25
POSITIONAL QUALITY,Read1,ReadPos 28 2% Quantile QV,25
POSITIONAL QUALITY,Read1,ReadPos 28 5% Quantile QV,37
POSITIONAL QUALITY,Read1,ReadPos 28 10% Quantile QV,37
POSITIONAL QUALITY,Read1,ReadPos 28 25% Quantile QV,37
POSITIONAL QUALITY,Read1,ReadPos 28 50% Quantile QV,37
POSITIONAL QUALITY,Read1,ReadPos 28 75% Quantile QV,37
POSITIONAL QUALITY,Read1,ReadPos 28 90% Quantile QV,37
POSITIONAL QUALITY,Read1,ReadPos 28 95% Quantile QV,37
POSITIONAL QUALITY,Read1,ReadPos 28 98% Quantile QV,37
POSITIONAL QUALITY,Read1,ReadPos 28 99% Quantile QV,37
POSITIONAL QUALITY,Read1,ReadPos 29 1% Quantile QV,25
POSITIONAL QUALITY,Read1,ReadPos 29 2% Quantile QV,25
POSITIONAL QUALITY,Read1,ReadPos 29 5% Quantile QV,37
POSITIONAL QUALITY,Read1,ReadPos 29 10% Quantile QV,37
POSITIONAL QUALITY,Read1,ReadPos 29 25% Quantile QV,37
POSITIONAL QUALITY,Read1,ReadPos 29 50% Quantile QV,37
POSITIONAL QUALITY,Read1,ReadPos 29 75% Quantile QV,37
POSITIONAL QUALITY,Read1,ReadPos 29 90% Quantile QV,37
POSITIONAL QUALITY,Read1,ReadPos 29 95% Quantile QV,37
POSITIONAL QUALITY,Read1,ReadPos 29 98% Quantile QV,37
POSITIONAL QUALITY,Read1,ReadPos 29 99% Quantile QV,37
POSITIONAL QUALITY,Read1,ReadPos 30 1% Quantile QV,25
POSITIONAL QUALITY,Read1,ReadPos 30 2% Quantile QV,25
POSITIONAL QUALITY,Read1,ReadPos 30 5% Quantile QV,37
POSITIONAL QUALITY,Read1,ReadPos 30 10% Quantile QV,37
POSITIONAL QUALITY,Read1,ReadPos 30 25% Quantile QV,37
POSITIONAL QUALITY,Read1,ReadPos 30 50% Quantile QV,37
POSITIONAL QUALITY,Read1,ReadPos 30 75% Quantile QV,37
POSITIONAL QUALITY,Read1,ReadPos 30 90% Quantile QV,37
POSITIONAL QUALITY,Read1,ReadPos 30 95% Quantile QV,37
POSITIONAL QUALITY,Read1,ReadPos 30 98% Quantile QV,37
POSITIONAL QUALITY,Read1,ReadPos 30 99% Quantile QV,37
POSITIONAL QUALITY,Read1,ReadPos 31 1% Quantile QV,25
POSITIONAL QUALITY,Read1,ReadPos 31 2% Quantile QV,25
POSITIONAL QUALITY,Read1,ReadPos 31 5% Quantile QV,37
POSITIONAL QUALITY,Read1,ReadPos 31 10% Quantile QV,37
POSITIONAL QUALITY,Read1,ReadPos 31 25% Quantile QV,37
POSITIONAL QUALITY,Read1,ReadPos 31 50% Quantile QV,37
POSITIONAL QUALITY,Read1,ReadPos 31 75% Quantile QV,37
POSITIONAL QUALITY,Read1,ReadPos 31 90% Quantile QV,37
POSITIONAL QUALITY,Read1,ReadPos 31 95% Quantile QV,37
POSITIONAL QUALITY,Read1,ReadPos 31 98% Quantile QV,37
POSITIONAL QUALITY,Read1,ReadPos 31 99% Quantile QV,37
POSITIONAL QUALITY,Read1,ReadPos 32 1% Quantile QV,25
POSITIONAL QUALITY,Read1,ReadPos 32 2% Quantile QV,25
POSITIONAL QUALITY,Read1,ReadPos 32 5% Quantile QV,37
POSITIONAL QUALITY,Read1,ReadPos 32 10% Quantile QV,37
POSITIONAL QUALITY,Read1,ReadPos 32 25% Quantile QV,37
POSITIONAL QUALITY,Read1,ReadPos 32 50% Quantile QV,37
POSITIONAL QUALITY,Read1,ReadPos 32 75% Quantile QV,37
POSITIONAL QUALITY,Read1,ReadPos 32 90% Quantile QV,37
POSITIONAL QUALITY,Read1,ReadPos 32 95% Quantile QV,37
POSITIONAL QUALITY,Read1,ReadPos 32 98% Quantile QV,37
POSITIONAL QUALITY,Read1,ReadPos 32 99% Quantile QV,37
POSITIONAL QUALITY,Read1,ReadPos 33 1% Quantile QV,25
POSITIONAL QUALITY,Read1,ReadPos 33 2% Quantile QV,25
POSITIONAL QUALITY,Read1,ReadPos 33 5% Quantile QV,37
POSITIONAL QUALITY,Read1,ReadPos 33 10% Quantile QV,37
POSITIONAL QUALITY,Read1,ReadPos 33 25% Quantile QV,37
POSITIONAL QUALITY,Read1,ReadPos 33 50% Quantile QV,37
POSITIONAL QUALITY,Read1,ReadPos 33 75% Quantile QV,37
POSITIONAL QUALITY,Read1,ReadPos 33 90% Quantile QV,37
POSITIONAL QUALITY,Read1,ReadPos 33 95% Quantile QV,37
POSITIONAL QUALITY,Read1,ReadPos 33 98% Quantile QV,37
POSITIONAL QUALITY,Read1,ReadPos 33 99% Quantile QV,37
POSITIONAL QUALITY,Read1,ReadPos 34 1% Quantile QV,25
POSITIONAL QUALITY,Read1,ReadPos 34 2% Quantile QV,25
POSITIONAL QUALITY,Read1,ReadPos 34 5% Quantile QV,37
POSITIONAL QUALITY,Read1,ReadPos 34 10% Quantile QV,37
POSITIONAL QUALITY,Read1,ReadPos 34 25% Quantile QV,37
POSITIONAL QUALITY,Read1,ReadPos 34 50% Quantile QV,37
POSITIONAL QUALITY,Read1,ReadPos 34 75% Quantile QV,37
POSITIONAL QUALITY,Read1,ReadPos 34 90% Quantile QV,37
POSITIONAL QUALITY,Read1,ReadPos 34 95% Quantile QV,37
POSITIONAL QUALITY,Read1,ReadPos 34 98% Quantile QV,37
POSITIONAL QUALITY,Read1,ReadPos 34 99% Quantile QV,37
POSITIONAL QUALITY,Read1,ReadPos 35 1% Quantile QV,25
POSITIONAL QUALITY,Read1,ReadPos 35 2% Quantile QV,25
POSITIONAL QUALITY,Read1,ReadPos 35 5% Quantile QV,37
POSITIONAL QUALITY,Read1,ReadPos 35 10% Quantile QV,37
POSITIONAL QUALITY,Read1,ReadPos 35 25% Quantile QV,37
POSITIONAL QUALITY,Read1,ReadPos 35 50% Quantile QV,37
POSITIONAL QUALITY,Read1,ReadPos 35 75% Quantile QV,37
POSITIONAL QUALITY,Read1,ReadPos 35 90% Quantile QV,37
POSITIONAL QUALITY,Read1,ReadPos 35 95% Quantile QV,37
POSITIONAL QUALITY,Read1,ReadPos 35 98% Quantile QV,37
POSITIONAL QUALITY,Read1,ReadPos 35 99% Quantile QV,37
POSITIONAL QUALITY,Read1,ReadPos 36 1% Quantile QV,25
POSITIONAL QUALITY,Read1,ReadPos 36 2% Quantile QV,25
POSITIONAL QUALITY,Read1,ReadPos 36 5% Quantile QV,37
POSITIONAL QUALITY,Read1,ReadPos 36 10% Quantile QV,37
POSITIONAL QUALITY,Read1,ReadPos 36 25% Quantile QV,37
POSITIONAL QUALITY,Read1,ReadPos 36 50% Quantile QV,37
POSITIONAL QUALITY,Read1,ReadPos 36 75% Quantile QV,37
POSITIONAL QUALITY,Read1,ReadPos 36 90% Quantile QV,37
POSITIONAL QUALITY,Read1,ReadPos 36 95% Quantile QV,37
POSITIONAL QUALITY,Read1,ReadPos 36 98% Quantile QV,37
POSITIONAL QUALITY,Read1,ReadPos 36 99% Quantile QV,37
POSITIONAL QUALITY,Read1,ReadPos 37 1% Quantile QV,25
POSITIONAL QUALITY,Read1,ReadPos 37 2% Quantile QV,25
POSITIONAL QUALITY,Read1,ReadPos 37 5% Quantile QV,37
POSITIONAL QUALITY,Read1,ReadPos 37 10% Quantile QV,37
POSITIONAL QUALITY,Read1,ReadPos 37 25% Quantile QV,37
POSITIONAL QUALITY,Read1,ReadPos 37 50% Quantile QV,37
POSITIONAL QUALITY,Read1,ReadPos 37 75% Quantile QV,37
POSITIONAL QUALITY,Read1,ReadPos 37 90% Quantile QV,37
POSITIONAL QUALITY,Read1,ReadPos 37 95% Quantile QV,37
POSITIONAL QUALITY,Read1,ReadPos 37 98% Quantile QV,37
POSITIONAL QUALITY,Read1,ReadPos 37 99% Quantile QV,37
POSITIONAL QUALITY,Read1,ReadPos 38 1% Quantile QV,25
POSITIONAL QUALITY,Read1,ReadPos 38 2% Quantile QV,25
POSITIONAL QUALITY,Read1,ReadPos 38 5% Quantile QV,37
POSITIONAL QUALITY,Read1,ReadPos 38 10% Quantile QV,37
POSITIONAL QUALITY,Read1,ReadPos 38 25% Quantile QV,37
POSITIONAL QUALITY,Read1,ReadPos 38 50% Quantile QV,37
POSITIONAL QUALITY,Read1,ReadPos 38 75% Quantile QV,37
POSITIONAL QUALITY,Read1,ReadPos 38 90% Quantile QV,37
POSITIONAL QUALITY,Read1,ReadPos 38 95% Quantile QV,37
POSITIONAL QUALITY,Read1,ReadPos 38 98% Quantile QV,37
POSITIONAL QUALITY,Read1,ReadPos 38 99% Quantile QV,37
POSITIONAL QUALITY,Read1,ReadPos 39 1% Quantile QV,25
POSITIONAL QUALITY,Read1,ReadPos 39 2% Quantile QV,25
POSITIONAL QUALITY,Read1,ReadPos 39 5% Quantile QV,37
POSITIONAL QUALITY,Read1,ReadPos 39 10% Quantile QV,37
POSITIONAL QUALITY,Read1,ReadPos 39 25% Quantile QV,37
POSITIONAL QUALITY,Read1,ReadPos 39 50% Quantile QV,37
POSITIONAL QUALITY,Read1,ReadPos 39 75% Quantile QV,37
POSITIONAL QUALITY,Read1,ReadPos 39 90% Quantile QV,37
POSITIONAL QUALITY,Read1,ReadPos 39 95% Quantile QV,37
POSITIONAL QUALITY,Read1,ReadPos 39 98% Quantile QV,37
POSITIONAL QUALITY,Read1,ReadPos 39 99% Quantile QV,37
POSITIONAL QUALITY,Read1,ReadPos 40 1% Quantile QV,25
POSITIONAL QUALITY,Read1,ReadPos 40 2% Quantile QV,25
POSITIONAL QUALITY,Read1,ReadPos 40 5% Quantile QV,37
POSITIONAL QUALITY,Read1,ReadPos 40 10% Quantile QV,37
POSITIONAL QUALITY,Read1,ReadPos 40 25% Quantile QV,37
POSITIONAL QUALITY,Read1,ReadPos 40 50% Quantile QV,37
POSITIONAL QUALITY,Read1,ReadPos 40 75% Quantile QV,37
POSITIONAL QUALITY,Read1,ReadPos 40 90% Quantile QV,37
POSITIONAL QUALITY,Read1,ReadPos 40 95% Quantile QV,37
POSITIONAL QUALITY,Read1,ReadPos 40 98% Quantile QV,37
POSITIONAL QUALITY,Read1,ReadPos 40 99% Quantile QV,37
POSITIONAL QUALITY,Read1,ReadPos 41 1% Quantile QV,25
POSITIONAL QUALITY,Read1,ReadPos 41 2% Quantile QV,25
POSITIONAL QUALITY,Read1,ReadPos 41 5% Quantile QV,37
POSITIONAL QUALITY,Read1,ReadPos 41 10% Quantile QV,37
POSITIONAL QUALITY,Read1,ReadPos 41 25% Quantile QV,37
POSITIONAL QUALITY,Read1,ReadPos 41 50% Quantile QV,37
POSITIONAL QUALITY,Read1,ReadPos 41 75% Quantile QV,37
POSITIONAL QUALITY,Read1,ReadPos 41 90% Quantile QV,37
POSITIONAL QUALITY,Read1,ReadPos 41 95% Quantile QV,37
POSITIONAL QUALITY,Read1,ReadPos 41 98% Quantile QV,37
POSITIONAL QUALITY,Read1,ReadPos 41 99% Quantile QV,37
POSITIONAL QUALITY,Read1,ReadPos 42 1% Quantile QV,25
POSITIONAL QUALITY,Read1,ReadPos 42 2% Quantile QV,25
POSITIONAL QUALITY,Read1,ReadPos 42 5% Quantile QV,37
POSITIONAL QUALITY,Read1,ReadPos 42 10% Quantile QV,37
POSITIONAL QUALITY,Read1,ReadPos 42 25% Quantile QV,37
POSITIONAL QUALITY,Read1,ReadPos 42 50% Quantile QV,37
POSITIONAL QUALITY,Read1,ReadPos 42 75% Quantile QV,37
POSITIONAL QUALITY,Read1,ReadPos 42 90% Quantile QV,37
POSITIONAL QUALITY,Read1,ReadPos 42 95% Quantile QV,37
POSITIONAL QUALITY,Read1,ReadPos 42 98% Quantile QV,37
POSITIONAL QUALITY,Read1,ReadPos 42 99% Quantile QV,37
POSITIONAL QUALITY,Read1,ReadPos 43 1% Quantile QV,25
POSITIONAL QUALITY,Read1,ReadPos 43 2% Quantile QV,25
POSITIONAL QUALITY,Read1,ReadPos 43 5% Quantile QV,37
POSITIONAL QUALITY,Read1,ReadPos 43 10% Quantile QV,37
POSITIONAL QUALITY,Read1,ReadPos 43 25% Quantile QV,37
POSITIONAL QUALITY,Read1,ReadPos 43 50% Quantile QV,37
POSITIONAL QUALITY,Read1,ReadPos 43 75% Quantile QV,37
POSITIONAL QUALITY,Read1,ReadPos 43 90% Quantile QV,37
POSITIONAL QUALITY,Read1,ReadPos 43 95% Quantile QV,37
POSITIONAL QUALITY,Read1,ReadPos 43 98% Quantile QV,37
POSITIONAL QUALITY,Read1,ReadPos 43 99% Quantile QV,37
POSITIONAL QUALITY,Read1,ReadPos 44 1% Quantile QV,25
POSITIONAL QUALITY,Read1,ReadPos 44 2% Quantile QV,25
POSITIONAL QUALITY,Read1,ReadPos 44 5% Quantile QV,37
POSITIONAL QUALITY,Read1,ReadPos 44 10% Quantile QV,37
POSITIONAL QUALITY,Read1,ReadPos 44 25% Quantile QV,37
POSITIONAL QUALITY,Read1,ReadPos 44 50% Quantile QV,37
POSITIONAL QUALITY,Read1,ReadPos 44 75% Quantile QV,37
POSITIONAL QUALITY,Read1,ReadPos 44 90% Quantile QV,37
POSITIONAL QUALITY,Read1,ReadPos 44 95% Quantile QV,37
POSITIONAL QUALITY,Read1,ReadPos 44 98% Quantile QV,37
POSITIONAL QUALITY,Read1,ReadPos 44 99% Quantile QV,37
POSITIONAL QUALITY,Read1,ReadPos 45 1% Quantile QV,25
POSITIONAL QUALITY,Read1,ReadPos 45 2% Quantile QV,25
POSITIONAL QUALITY,Read1,ReadPos 45 5% Quantile QV,37
POSITIONAL QUALITY,Read1,ReadPos 45 10% Quantile QV,37
POSITIONAL QUALITY,Read1,ReadPos 45 25% Quantile QV,37
POSITIONAL QUALITY,Read1,ReadPos 45 50% Quantile QV,37
POSITIONAL QUALITY,Read1,ReadPos 45 75% Quantile QV,37
POSITIONAL QUALITY,Read1,ReadPos 45 90% Quantile QV,37
POSITIONAL QUALITY,Read1,ReadPos 45 95% Quantile QV,37
POSITIONAL QUALITY,Read1,ReadPos 45 98% Quantile QV,37
POSITIONAL QUALITY,Read1,ReadPos 45 99% Quantile QV,37
POSITIONAL QUALITY,Read1,ReadPos 46 1% Quantile QV,25
POSITIONAL QUALITY,Read1,ReadPos 46 2% Quantile QV,25
POSITIONAL QUALITY,Read1,ReadPos 46 5% Quantile QV,37
POSITIONAL QUALITY,Read1,ReadPos 46 10% Quantile QV,37
POSITIONAL QUALITY,Read1,ReadPos 46 25% Quantile QV,37
POSITIONAL QUALITY,Read1,ReadPos 46 50% Quantile QV,37
POSITIONAL QUALITY,Read1,ReadPos 46 75% Quantile QV,37
POSITIONAL QUALITY,Read1,ReadPos 46 90% Quantile QV,37
POSITIONAL QUALITY,Read1,ReadPos 46 95% Quantile QV,37
POSITIONAL QUALITY,Read1,ReadPos 46 98% Quantile QV,37
POSITIONAL QUALITY,Read1,ReadPos 46 99% Quantile QV,37
POSITIONAL QUALITY,Read1,ReadPos 47 1% Quantile QV,25
POSITIONAL QUALITY,Read1,ReadPos 47 2% Quantile QV,25
POSITIONAL QUALITY,Read1,ReadPos 47 5% Quantile QV,37
POSITIONAL QUALITY,Read1,ReadPos 47 10% Quantile QV,37
POSITIONAL QUALITY,Read1,ReadPos 47 25% Quantile QV,37
POSITIONAL QUALITY,Read1,ReadPos 47 50% Quantile QV,37
POSITIONAL QUALITY,Read1,ReadPos 47 75% Quantile QV,37
POSITIONAL QUALITY,Read1,ReadPos 47 90% Quantile QV,37
POSITIONAL QUALITY,Read1,ReadPos 47 95% Quantile QV,37
POSITIONAL QUALITY,Read1,ReadPos 47 98% Quantile QV,37
POSITIONAL QUALITY,Read1,ReadPos 47 99% Quantile QV,37
POSITIONAL QUALITY,Read1,ReadPos 48 1% Quantile QV,25
POSITIONAL QUALITY,Read1,ReadPos 48 2% Quantile QV,25
POSITIONAL QUALITY,Read1,ReadPos 48 5% Quantile QV,37
POSITIONAL QUALITY,Read1,ReadPos 48 10% Quantile QV,37
POSITIONAL QUALITY,Read1,ReadPos 48 25% Quantile QV,37
POSITIONAL QUALITY,Read1,ReadPos 48 50% Quantile QV,37
POSITIONAL QUALITY,Read1,ReadPos 48 75% Quantile QV,37
POSITIONAL QUALITY,Read1,ReadPos 48 90% Quantile QV,37
POSITIONAL QUALITY,Read1,ReadPos 48 95% Quantile QV,37
POSITIONAL QUALITY,Read1,ReadPos 48 98% Quantile QV,37
POSITIONAL QUALITY,Read1,ReadPos 48 99% Quantile QV,37
POSITIONAL QUALITY,Read1,ReadPos 49 1% Quantile QV,25
POSITIONAL QUALITY,Read1,ReadPos 49 2% Quantile QV,25
POSITIONAL QUALITY,Read1,ReadPos 49 5% Quantile QV,37
POSITIONAL QUALITY,Read1,ReadPos 49 10% Quantile QV,37
POSITIONAL QUALITY,Read1,ReadPos 49 25% Quantile QV,37
POSITIONAL QUALITY,Read1,ReadPos 49 50% Quantile QV,37
POSITIONAL QUALITY,Read1,ReadPos 49 75% Quantile QV,37
POSITIONAL QUALITY,Read1,ReadPos 49 90% Quantile QV,37
POSITIONAL QUALITY,Read1,ReadPos 49 95% Quantile QV,37
POSITIONAL QUALITY,Read1,ReadPos 49 98% Quantile QV,37
POSITIONAL QUALITY,Read1,ReadPos 49 99% Quantile QV,37
POSITIONAL QUALITY,Read1,ReadPos 50 1% Quantile QV,25
POSITIONAL QUALITY,Read1,ReadPos 50 2% Quantile QV,25
POSITIONAL QUALITY,Read1,ReadPos 50 5% Quantile QV,37
POSITIONAL QUALITY,Read1,ReadPos 50 10% Quantile QV,37
POSITIONAL QUALITY,Read1,ReadPos 50 25% Quantile QV,37
POSITIONAL QUALITY,Read1,ReadPos 50 50% Quantile QV,37
POSITIONAL QUALITY,Read1,ReadPos 50 75% Quantile QV,37
POSITIONAL QUALITY,Read1,ReadPos 50 90% Quantile QV,37
POSITIONAL QUALITY,Read1,ReadPos 50 95% Quantile QV,37
POSITIONAL QUALITY,Read1,ReadPos 50 98% Quantile QV,37
POSITIONAL QUALITY,Read1,ReadPos 50 99% Quantile QV,37
POSITIONAL QUALITY,Read1,ReadPos 51 1% Quantile QV,25
POSITIONAL QUALITY,Read1,ReadPos 51 2% Quantile QV,25
POSITIONAL QUALITY,Read1,ReadPos 51 5% Quantile QV,37
POSITIONAL QUALITY,Read1,ReadPos 51 10% Quantile QV,37
POSITIONAL QUALITY,Read1,ReadPos 51 25% Quantile QV,37
POSITIONAL QUALITY,Read1,ReadPos 51 50% Quantile QV,37
POSITIONAL QUALITY,Read1,ReadPos 51 75% Quantile QV,37
POSITIONAL QUALITY,Read1,ReadPos 51 90% Quantile QV,37
POSITIONAL QUALITY,Read1,ReadPos 51 95% Quantile QV,37
POSITIONAL QUALITY,Read1,ReadPos 51 98% Quantile QV,37
POSITIONAL QUALITY,Read1,ReadPos 51 99% Quantile QV,37
POSITIONAL QUALITY,Read1,ReadPos 52 1% Quantile QV,25
POSITIONAL QUALITY,Read1,ReadPos 52 2% Quantile QV,25
POSITIONAL QUALITY,Read1,ReadPos 52 5% Quantile QV,37
POSITIONAL QUALITY,Read1,ReadPos 52 10% Quantile QV,37
POSITIONAL QUALITY,Read1,ReadPos 52 25% Quantile QV,37
POSITIONAL QUALITY,Read1,ReadPos 52 50% Quantile QV,37
POSITIONAL QUALITY,Read1,ReadPos 52 75% Quantile QV,37
POSITIONAL QUALITY,Read1,ReadPos 52 90% Quantile QV,37
POSITIONAL QUALITY,Read1,ReadPos 52 95% Quantile QV,37
POSITIONAL QUALITY,Read1,ReadPos 52 98% Quantile QV,37
POSITIONAL QUALITY,Read1,ReadPos 52 99% Quantile QV,37
POSITIONAL QUALITY,Read1,ReadPos 53 1% Quantile QV,25
POSITIONAL QUALITY,Read1,ReadPos 53 2% Quantile QV,25
POSITIONAL QUALITY,Read1,ReadPos 53 5% Quantile QV,37
POSITIONAL QUALITY,Read1,ReadPos 53 10% Quantile QV,37
POSITIONAL QUALITY,Read1,ReadPos 53 25% Quantile QV,37
POSITIONAL QUALITY,Read1,ReadPos 53 50% Quantile QV,37
POSITIONAL QUALITY,Read1,ReadPos 53 75% Quantile QV,37
POSITIONAL QUALITY,Read1,ReadPos 53 90% Quantile QV,37
POSITIONAL QUALITY,Read1,ReadPos 53 95% Quantile QV,37
POSITIONAL QUALITY,Read1,ReadPos 53 98% Quantile QV,37
POSITIONAL QUALITY,Read1,ReadPos 53 99% Quantile QV,37
POSITIONAL QUALITY,Read1,ReadPos 54 1% Quantile QV,25
POSITIONAL QUALITY,Read1,ReadPos 54 2% Quantile QV,25
POSITIONAL QUALITY,Read1,ReadPos 54 5% Quantile QV,37
POSITIONAL QUALITY,Read1,ReadPos 54 10% Quantile QV,37
POSITIONAL QUALITY,Read1,ReadPos 54 25% Quantile QV,37
POSITIONAL QUALITY,Read1,ReadPos 54 50% Quantile QV,37
POSITIONAL QUALITY,Read1,ReadPos 54 75% Quantile QV,37
POSITIONAL QUALITY,Read1,ReadPos 54 90% Quantile QV,37
POSITIONAL QUALITY,Read1,ReadPos 54 95% Quantile QV,37
POSITIONAL QUALITY,Read1,ReadPos 54 98% Quantile QV,37
POSITIONAL QUALITY,Read1,ReadPos 54 99% Quantile QV,37
POSITIONAL QUALITY,Read1,ReadPos 55 1% Quantile QV,25
POSITIONAL QUALITY,Read1,ReadPos 55 2% Quantile QV,25
POSITIONAL QUALITY,Read1,ReadPos 55 5% Quantile QV,37
POSITIONAL QUALITY,Read1,ReadPos 55 10% Quantile QV,37
POSITIONAL QUALITY,Read1,ReadPos 55 25% Quantile QV,37
POSITIONAL QUALITY,Read1,ReadPos 55 50% Quantile QV,37
POSITIONAL QUALITY,Read1,ReadPos 55 75% Quantile QV,37
POSITIONAL QUALITY,Read1,ReadPos 55 90% Quantile QV,37
POSITIONAL QUALITY,Read1,ReadPos 55 95% Quantile QV,37
POSITIONAL QUALITY,Read1,ReadPos 55 98% Quantile QV,37
POSITIONAL QUALITY,Read1,ReadPos 55 99% Quantile QV,37
POSITIONAL QUALITY,Read1,ReadPos 56 1% Quantile QV,25
POSITIONAL QUALITY,Read1,ReadPos 56 2% Quantile QV,25
POSITIONAL QUALITY,Read1,ReadPos 56 5% Quantile QV,37
POSITIONAL QUALITY,Read1,ReadPos 56 10% Quantile QV,37
POSITIONAL QUALITY,Read1,ReadPos 56 25% Quantile QV,37
POSITIONAL QUALITY,Read1,ReadPos 56 50% Quantile QV,37
POSITIONAL QUALITY,Read1,ReadPos 56 75% Quantile QV,37
POSITIONAL QUALITY,Read1,ReadPos 56 90% Quantile QV,37
POSITIONAL QUALITY,Read1,ReadPos 56 95% Quantile QV,37
POSITIONAL QUALITY,Read1,ReadPos 56 98% Quantile QV,37
POSITIONAL QUALITY,Read1,ReadPos 56 99% Quantile QV,37
POSITIONAL QUALITY,Read1,ReadPos 57 1% Quantile QV,25
POSITIONAL QUALITY,Read1,ReadPos 57 2% Quantile QV,25
POSITIONAL QUALITY,Read1,ReadPos 57 5% Quantile QV,37
POSITIONAL QUALITY,Read1,ReadPos 57 10% Quantile QV,37
POSITIONAL QUALITY,Read1,ReadPos 57 25% Quantile QV,37
POSITIONAL QUALITY,Read1,ReadPos 57 50% Quantile QV,37
POSITIONAL QUALITY,Read1,ReadPos 57 75% Quantile QV,37
POSITIONAL QUALITY,Read1,ReadPos 57 90% Quantile QV,37
POSITIONAL QUALITY,Read1,ReadPos 57 95% Quantile QV,37
POSITIONAL QUALITY,Read1,ReadPos 57 98% Quantile QV,37
POSITIONAL QUALITY,Read1,ReadPos 57 99% Quantile QV,37
POSITIONAL QUALITY,Read1,ReadPos 58 1% Quantile QV,11
POSITIONAL QUALITY,Read1,ReadPos 58 2% Quantile QV,25
POSITIONAL QUALITY,Read1,ReadPos 58 5% Quantile QV,37
POSITIONAL QUALITY,Read1,ReadPos 58 10% Quantile QV,37
POSITIONAL QUALITY,Read1,ReadPos 58 25% Quantile QV,37
POSITIONAL QUALITY,Read1,ReadPos 58 50% Quantile QV,37
POSITIONAL QUALITY,Read1,ReadPos 58 75% Quantile QV,37
POSITIONAL QUALITY,Read1,ReadPos 58 90% Quantile QV,37
POSITIONAL QUALITY,Read1,ReadPos 58 95% Quantile QV,37
POSITIONAL QUALITY,Read1,ReadPos 58 98% Quantile QV,37
POSITIONAL QUALITY,Read1,ReadPos 58 99% Quantile QV,37
POSITIONAL QUALITY,Read1,ReadPos 59 1% Quantile QV,11
POSITIONAL QUALITY,Read1,ReadPos 59 2% Quantile QV,25
POSITIONAL QUALITY,Read1,ReadPos 59 5% Quantile QV,37
POSITIONAL QUALITY,Read1,ReadPos 59 10% Quantile QV,37
POSITIONAL QUALITY,Read1,ReadPos 59 25% Quantile QV,37
POSITIONAL QUALITY,Read1,ReadPos 59 50% Quantile QV,37
POSITIONAL QUALITY,Read1,ReadPos 59 75% Quantile QV,37
POSITIONAL QUALITY,Read1,ReadPos 59 90% Quantile QV,37
POSITIONAL QUALITY,Read1,ReadPos 59 95% Quantile QV,37
POSITIONAL QUALITY,Read1,ReadPos 59 98% Quantile QV,37
POSITIONAL QUALITY,Read1,ReadPos 59 99% Quantile QV,37
POSITIONAL QUALITY,Read1,ReadPos 60 1% Quantile QV,11
POSITIONAL QUALITY,Read1,ReadPos 60 2% Quantile QV,25
POSITIONAL QUALITY,Read1,ReadPos 60 5% Quantile QV,37
POSITIONAL QUALITY,Read1,ReadPos 60 10% Quantile QV,37
POSITIONAL QUALITY,Read1,ReadPos 60 25% Quantile QV,37
POSITIONAL QUALITY,Read1,ReadPos 60 50% Quantile QV,37
POSITIONAL QUALITY,Read1,ReadPos 60 75% Quantile QV,37
POSITIONAL QUALITY,Read1,ReadPos 60 90% Quantile QV,37
POSITIONAL QUALITY,Read1,ReadPos 60 95% Quantile QV,37
POSITIONAL QUALITY,Read1,ReadPos 60 98% Quantile QV,37
POSITIONAL QUALITY,Read1,ReadPos 60 99% Quantile QV,37
POSITIONAL QUALITY,Read1,ReadPos 61 1% Quantile QV,11
POSITIONAL QUALITY,Read1,ReadPos 61 2% Quantile QV,25
POSITIONAL QUALITY,Read1,ReadPos 61 5% Quantile QV,37
POSITIONAL QUALITY,Read1,ReadPos 61 10% Quantile QV,37
POSITIONAL QUALITY,Read1,ReadPos 61 25% Quantile QV,37
POSITIONAL QUALITY,Read1,ReadPos 61 50% Quantile QV,37
POSITIONAL QUALITY,Read1,ReadPos 61 75% Quantile QV,37
POSITIONAL QUALITY,Read1,ReadPos 61 90% Quantile QV,37
POSITIONAL QUALITY,Read1,ReadPos 61 95% Quantile QV,37
POSITIONAL QUALITY,Read1,ReadPos 61 98% Quantile QV,37
POSITIONAL QUALITY,Read1,ReadPos 61 99% Quantile QV,37
POSITIONAL QUALITY,Read1,ReadPos 62 1% Quantile QV,11
POSITIONAL QUALITY,Read1,ReadPos 62 2% Quantile QV,25
POSITIONAL QUALITY,Read1,ReadPos 62 5% Quantile QV,37
POSITIONAL QUALITY,Read1,ReadPos 62 10% Quantile QV,37
POSITIONAL QUALITY,Read1,ReadPos 62 25% Quantile QV,37
POSITIONAL QUALITY,Read1,ReadPos 62 50% Quantile QV,37
POSITIONAL QUALITY,Read1,ReadPos 62 75% Quantile QV,37
POSITIONAL QUALITY,Read1,ReadPos 62 90% Quantile QV,37
POSITIONAL QUALITY,Read1,ReadPos 62 95% Quantile QV,37
POSITIONAL QUALITY,Read1,ReadPos 62 98% Quantile QV,37
POSITIONAL QUALITY,Read1,ReadPos 62 99% Quantile QV,37
POSITIONAL QUALITY,Read1,ReadPos 63 1% Quantile QV,11
POSITIONAL QUALITY,Read1,ReadPos 63 2% Quantile QV,25
POSITIONAL QUALITY,Read1,ReadPos 63 5% Quantile QV,37
POSITIONAL QUALITY,Read1,ReadPos 63 10% Quantile QV,37
POSITIONAL QUALITY,Read1,ReadPos 63 25% Quantile QV,37
POSITIONAL QUALITY,Read1,ReadPos 63 50% Quantile QV,37
POSITIONAL QUALITY,Read1,ReadPos 63 75% Quantile QV,37
POSITIONAL QUALITY,Read1,ReadPos 63 90% Quantile QV,37
POSITIONAL QUALITY,Read1,ReadPos 63 95% Quantile QV,37
POSITIONAL QUALITY,Read1,ReadPos 63 98% Quantile QV,37
POSITIONAL QUALITY,Read1,ReadPos 63 99% Quantile QV,37
POSITIONAL QUALITY,Read1,ReadPos 64 1% Quantile QV,11
POSITIONAL QUALITY,Read1,ReadPos 64 2% Quantile QV,25
POSITIONAL QUALITY,Read1,ReadPos 64 5% Quantile QV,37
POSITIONAL QUALITY,Read1,ReadPos 64 10% Quantile QV,37
POSITIONAL QUALITY,Read1,ReadPos 64 25% Quantile QV,37
POSITIONAL QUALITY,Read1,ReadPos 64 50% Quantile QV,37
POSITIONAL QUALITY,Read1,ReadPos 64 75% Quantile QV,37
POSITIONAL QUALITY,Read1,ReadPos 64 90% Quantile QV,37
POSITIONAL QUALITY,Read1,ReadPos 64 95% Quantile QV,37
POSITIONAL QUALITY,Read1,ReadPos 64 98% Quantile QV,37
POSITIONAL QUALITY,Read1,ReadPos 64 99% Quantile QV,37
POSITIONAL QUALITY,Read1,ReadPos 65 1% Quantile QV,11
POSITIONAL QUALITY,Read1,ReadPos 65 2% Quantile QV,25
POSITIONAL QUALITY,Read1,ReadPos 65 5% Quantile QV,37
POSITIONAL QUALITY,Read1,ReadPos 65 10% Quantile QV,37
POSITIONAL QUALITY,Read1,ReadPos 65 25% Quantile QV,37
POSITIONAL QUALITY,Read1,ReadPos 65 50% Quantile QV,37
POSITIONAL QUALITY,Read1,ReadPos 65 75% Quantile QV,37
POSITIONAL QUALITY,Read1,ReadPos 65 90% Quantile QV,37
POSITIONAL QUALITY,Read1,ReadPos 65 95% Quantile QV,37
POSITIONAL QUALITY,Read1,ReadPos 65 98% Quantile QV,37
POSITIONAL QUALITY,Read1,ReadPos 65 99% Quantile QV,37
POSITIONAL QUALITY,Read1,ReadPos 66 1% Quantile QV,11
POSITIONAL QUALITY,Read1,ReadPos 66 2% Quantile QV,25
POSITIONAL QUALITY,Read1,ReadPos 66 5% Quantile QV,37
POSITIONAL QUALITY,Read1,ReadPos 66 10% Quantile QV,37
POSITIONAL QUALITY,Read1,ReadPos 66 25% Quantile QV,37
POSITIONAL QUALITY,Read1,ReadPos 66 50% Quantile QV,37
POSITIONAL QUALITY,Read1,ReadPos 66 75% Quantile QV,37
POSITIONAL QUALITY,Read1,ReadPos 66 90% Quantile QV,37
POSITIONAL QUALITY,Read1,ReadPos 66 95% Quantile QV,37
POSITIONAL QUALITY,Read1,ReadPos 66 98% Quantile QV,37
POSITIONAL QUALITY,Read1,ReadPos 66 99% Quantile QV,37
POSITIONAL QUALITY,Read1,ReadPos 67 1% Quantile QV,11
POSITIONAL QUALITY,Read1,ReadPos 67 2% Quantile QV,25
POSITIONAL QUALITY,Read1,ReadPos 67 5% Quantile QV,37
POSITIONAL QUALITY,Read1,ReadPos 67 10% Quantile QV,37
POSITIONAL QUALITY,Read1,ReadPos 67 25% Quantile QV,37
POSITIONAL QUALITY,Read1,ReadPos 67 50% Quantile QV,37
POSITIONAL QUALITY,Read1,ReadPos 67 75% Quantile QV,37
POSITIONAL QUALITY,Read1,ReadPos 67 90% Quantile QV,37
POSITIONAL QUALITY,Read1,ReadPos 67 95% Quantile QV,37
POSITIONAL QUALITY,Read1,ReadPos 67 98% Quantile QV,37
POSITIONAL QUALITY,Read1,ReadPos 67 99% Quantile QV,37
POSITIONAL QUALITY,Read1,ReadPos 68 1% Quantile QV,11
POSITIONAL QUALITY,Read1,ReadPos 68 2% Quantile QV,25
POSITIONAL QUALITY,Read1,ReadPos 68 5% Quantile QV,37
POSITIONAL QUALITY,Read1,ReadPos 68 10% Quantile QV,37
POSITIONAL QUALITY,Read1,ReadPos 68 25% Quantile QV,37
POSITIONAL QUALITY,Read1,ReadPos 68 50% Quantile QV,37
POSITIONAL QUALITY,Read1,ReadPos 68 75% Quantile QV,37
POSITIONAL QUALITY,Read1,ReadPos 68 90% Quantile QV,37
POSITIONAL QUALITY,Read1,ReadPos 68 95% Quantile QV,37
POSITIONAL QUALITY,Read1,ReadPos 68 98% Quantile QV,37
POSITIONAL QUALITY,Read1,ReadPos 68 99% Quantile QV,37
POSITIONAL QUALITY,Read1,ReadPos 69 1% Quantile QV,11
POSITIONAL QUALITY,Read1,ReadPos 69 2% Quantile QV,25
POSITIONAL QUALITY,Read1,ReadPos 69 5% Quantile QV,37
POSITIONAL QUALITY,Read1,ReadPos 69 10% Quantile QV,37
POSITIONAL QUALITY,Read1,ReadPos 69 25% Quantile QV,37
POSITIONAL QUALITY,Read1,ReadPos 69 50% Quantile QV,37
POSITIONAL QUALITY,Read1,ReadPos 69 75% Quantile QV,37
POSITIONAL QUALITY,Read1,ReadPos 69 90% Quantile QV,37
POSITIONAL QUALITY,Read1,ReadPos 69 95% Quantile QV,37
POSITIONAL QUALITY,Read1,ReadPos 69 98% Quantile QV,37
POSITIONAL QUALITY,Read1,ReadPos 69 99% Quantile QV,37
POSITIONAL QUALITY,Read1,ReadPos 70 1% Quantile QV,11
POSITIONAL QUALITY,Read1,ReadPos 70 2% Quantile QV,25
POSITIONAL QUALITY,Read1,ReadPos 70 5% Quantile QV,37
POSITIONAL QUALITY,Read1,ReadPos 70 10% Quantile QV,37
POSITIONAL QUALITY,Read1,ReadPos 70 25% Quantile QV,37
POSITIONAL QUALITY,Read1,ReadPos 70 50% Quantile QV,37
POSITIONAL QUALITY,Read1,ReadPos 70 75% Quantile QV,37
POSITIONAL QUALITY,Read1,ReadPos 70 90% Quantile QV,37
POSITIONAL QUALITY,Read1,ReadPos 70 95% Quantile QV,37
POSITIONAL QUALITY,Read1,ReadPos 70 98% Quantile QV,37
POSITIONAL QUALITY,Read1,ReadPos 70 99% Quantile QV,37
POSITIONAL QUALITY,Read1,ReadPos 71 1% Quantile QV,11
POSITIONAL QUALITY,Read1,ReadPos 71 2% Quantile QV,25
POSITIONAL QUALITY,Read1,ReadPos 71 5% Quantile QV,37
POSITIONAL QUALITY,Read1,ReadPos 71 10% Quantile QV,37
POSITIONAL QUALITY,Read1,ReadPos 71 25% Quantile QV,37
POSITIONAL QUALITY,Read1,ReadPos 71 50% Quantile QV,37
POSITIONAL QUALITY,Read1,ReadPos 71 75% Quantile QV,37
POSITIONAL QUALITY,Read1,ReadPos 71 90% Quantile QV,37
POSITIONAL QUALITY,Read1,ReadPos 71 95% Quantile QV,37
POSITIONAL QUALITY,Read1,ReadPos 71 98% Quantile QV,37
POSITIONAL QUALITY,Read1,ReadPos 71 99% Quantile QV,37
POSITIONAL QUALITY,Read1,ReadPos 72 1% Quantile QV,11
POSITIONAL QUALITY,Read1,ReadPos 72 2% Quantile QV,25
POSITIONAL QUALITY,Read1,ReadPos 72 5% Quantile QV,37
POSITIONAL QUALITY,Read1,ReadPos 72 10% Quantile QV,37
POSITIONAL QUALITY,Read1,ReadPos 72 25% Quantile QV,37
POSITIONAL QUALITY,Read1,ReadPos 72 50% Quantile QV,37
POSITIONAL QUALITY,Read1,ReadPos 72 75% Quantile QV,37
POSITIONAL QUALITY,Read1,ReadPos 72 90% Quantile QV,37
POSITIONAL QUALITY,Read1,ReadPos 72 95% Quantile QV,37
POSITIONAL QUALITY,Read1,ReadPos 72 98% Quantile QV,37
POSITIONAL QUALITY,Read1,ReadPos 72 99% Quantile QV,37
POSITIONAL QUALITY,Read1,ReadPos 73 1% Quantile QV,11
POSITIONAL QUALITY,Read1,ReadPos 73 2% Quantile QV,25
POSITIONAL QUALITY,Read1,ReadPos 73 5% Quantile QV,37
POSITIONAL QUALITY,Read1,ReadPos 73 10% Quantile QV,37
POSITIONAL QUALITY,Read1,ReadPos 73 25% Quantile QV,37
POSITIONAL QUALITY,Read1,ReadPos 73 50% Quantile QV,37
POSITIONAL QUALITY,Read1,ReadPos 73 75% Quantile QV,37
POSITIONAL QUALITY,Read1,ReadPos 73 90% Quantile QV,37
POSITIONAL QUALITY,Read1,ReadPos 73 95% Quantile QV,37
POSITIONAL QUALITY,Read1,ReadPos 73 98% Quantile QV,37
POSITIONAL QUALITY,Read1,ReadPos 73 99% Quantile QV,37
POSITIONAL QUALITY,Read1,ReadPos 74 1% Quantile QV,11
POSITIONAL QUALITY,Read1,ReadPos 74 2% Quantile QV,25
POSITIONAL QUALITY,Read1,ReadPos 74 5% Quantile QV,37
POSITIONAL QUALITY,Read1,ReadPos 74 10% Quantile QV,37
POSITIONAL QUALITY,Read1,ReadPos 74 25% Quantile QV,37
POSITIONAL QUALITY,Read1,ReadPos 74 50% Quantile QV,37
POSITIONAL QUALITY,Read1,ReadPos 74 75% Quantile QV,37
POSITIONAL QUALITY,Read1,ReadPos 74 90% Quantile QV,37
POSITIONAL QUALITY,Read1,ReadPos 74 95% Quantile QV,37
POSITIONAL QUALITY,Read1,ReadPos 74 98% Quantile QV,37
POSITIONAL QUALITY,Read1,ReadPos 74 99% Quantile QV,37
POSITIONAL QUALITY,Read1,ReadPos 75 1% Quantile QV,11
POSITIONAL QUALITY,Read1,ReadPos 75 2% Quantile QV,25
POSITIONAL QUALITY,Read1,ReadPos 75 5% Quantile QV,37
POSITIONAL QUALITY,Read1,ReadPos 75 10% Quantile QV,37
POSITIONAL QUALITY,Read1,ReadPos 75 25% Quantile QV,37
POSITIONAL QUALITY,Read1,ReadPos 75 50% Quantile QV,37
POSITIONAL QUALITY,Read1,ReadPos 75 75% Quantile QV,37
POSITIONAL QUALITY,Read1,ReadPos 75 90% Quantile QV,37
POSITIONAL QUALITY,Read1,ReadPos 75 95% Quantile QV,37
POSITIONAL QUALITY,Read1,ReadPos 75 98% Quantile QV,37
POSITIONAL QUALITY,Read1,ReadPos 75 99% Quantile QV,37
POSITIONAL QUALITY,Read1,ReadPos 76 1% Quantile QV,11
POSITIONAL QUALITY,Read1,ReadPos 76 2% Quantile QV,25
POSITIONAL QUALITY,Read1,ReadPos 76 5% Quantile QV,37
POSITIONAL QUALITY,Read1,ReadPos 76 10% Quantile QV,37
POSITIONAL QUALITY,Read1,ReadPos 76 25% Quantile QV,37
POSITIONAL QUALITY,Read1,ReadPos 76 50% Quantile QV,37
POSITIONAL QUALITY,Read1,ReadPos 76 75% Quantile QV,37
POSITIONAL QUALITY,Read1,ReadPos 76 90% Quantile QV,37
POSITIONAL QUALITY,Read1,ReadPos 76 95% Quantile QV,37
POSITIONAL QUALITY,Read1,ReadPos 76 98% Quantile QV,37
POSITIONAL QUALITY,Read1,ReadPos 76 99% Quantile QV,37
POSITIONAL QUALITY,Read1,ReadPos 77 1% Quantile QV,11
POSITIONAL QUALITY,Read1,ReadPos 77 2% Quantile QV,25
POSITIONAL QUALITY,Read1,ReadPos 77 5% Quantile QV,37
POSITIONAL QUALITY,Read1,ReadPos 77 10% Quantile QV,37
POSITIONAL QUALITY,Read1,ReadPos 77 25% Quantile QV,37
POSITIONAL QUALITY,Read1,ReadPos 77 50% Quantile QV,37
POSITIONAL QUALITY,Read1,ReadPos 77 75% Quantile QV,37
POSITIONAL QUALITY,Read1,ReadPos 77 90% Quantile QV,37
POSITIONAL QUALITY,Read1,ReadPos 77 95% Quantile QV,37
POSITIONAL QUALITY,Read1,ReadPos 77 98% Quantile QV,37
POSITIONAL QUALITY,Read1,ReadPos 77 99% Quantile QV,37
POSITIONAL QUALITY,Read1,ReadPos 78 1% Quantile QV,11
POSITIONAL QUALITY,Read1,ReadPos 78 2% Quantile QV,25
POSITIONAL QUALITY,Read1,ReadPos 78 5% Quantile QV,37
POSITIONAL QUALITY,Read1,ReadPos 78 10% Quantile QV,37
POSITIONAL QUALITY,Read1,ReadPos 78 25% Quantile QV,37
POSITIONAL QUALITY,Read1,ReadPos 78 50% Quantile QV,37
POSITIONAL QUALITY,Read1,ReadPos 78 75% Quantile QV,37
POSITIONAL QUALITY,Read1,ReadPos 78 90% Quantile QV,37
POSITIONAL QUALITY,Read1,ReadPos 78 95% Quantile QV,37
POSITIONAL QUALITY,Read1,ReadPos 78 98% Quantile QV,37
POSITIONAL QUALITY,Read1,ReadPos 78 99% Quantile QV,37
POSITIONAL QUALITY,Read1,ReadPos 79 1% Quantile QV,11
POSITIONAL QUALITY,Read1,ReadPos 79 2% Quantile QV,25
POSITIONAL QUALITY,Read1,ReadPos 79 5% Quantile QV,37
POSITIONAL QUALITY,Read1,ReadPos 79 10% Quantile QV,37
POSITIONAL QUALITY,Read1,ReadPos 79 25% Quantile QV,37
POSITIONAL QUALITY,Read1,ReadPos 79 50% Quantile QV,37
POSITIONAL QUALITY,Read1,ReadPos 79 75% Quantile QV,37
POSITIONAL QUALITY,Read1,ReadPos 79 90% Quantile QV,37
POSITIONAL QUALITY,Read1,ReadPos 79 95% Quantile QV,37
POSITIONAL QUALITY,Read1,ReadPos 79 98% Quantile QV,37
POSITIONAL QUALITY,Read1,ReadPos 79 99% Quantile QV,37
POSITIONAL QUALITY,Read1,ReadPos 80 1% Quantile QV,11
POSITIONAL QUALITY,Read1,ReadPos 80 2% Quantile QV,25
POSITIONAL QUALITY,Read1,ReadPos 80 5% Quantile QV,37
POSITIONAL QUALITY,Read1,ReadPos 80 10% Quantile QV,37
POSITIONAL QUALITY,Read1,ReadPos 80 25% Quantile QV,37
POSITIONAL QUALITY,Read1,ReadPos 80 50% Quantile QV,37
POSITIONAL QUALITY,Read1,ReadPos 80 75% Quantile QV,37
POSITIONAL QUALITY,Read1,ReadPos 80 90% Quantile QV,37
POSITIONAL QUALITY,Read1,ReadPos 80 95% Quantile QV,37
POSITIONAL QUALITY,Read1,ReadPos 80 98% Quantile QV,37
POSITIONAL QUALITY,Read1,ReadPos 80 99% Quantile QV,37
POSITIONAL QUALITY,Read1,ReadPos 81 1% Quantile QV,11
POSITIONAL QUALITY,Read1,ReadPos 81 2% Quantile QV,25
POSITIONAL QUALITY,Read1,ReadPos 81 5% Quantile QV,37
POSITIONAL QUALITY,Read1,ReadPos 81 10% Quantile QV,37
POSITIONAL QUALITY,Read1,ReadPos 81 25% Quantile QV,37
POSITIONAL QUALITY,Read1,ReadPos 81 50% Quantile QV,37
POSITIONAL QUALITY,Read1,ReadPos 81 75% Quantile QV,37
POSITIONAL QUALITY,Read1,ReadPos 81 90% Quantile QV,37
POSITIONAL QUALITY,Read1,ReadPos 81 95% Quantile QV,37
POSITIONAL QUALITY,Read1,ReadPos 81 98% Quantile QV,37
POSITIONAL QUALITY,Read1,ReadPos 81 99% Quantile QV,37
POSITIONAL QUALITY,Read1,ReadPos 82 1% Quantile QV,11
POSITIONAL QUALITY,Read1,ReadPos 82 2% Quantile QV,25
POSITIONAL QUALITY,Read1,ReadPos 82 5% Quantile QV,37
POSITIONAL QUALITY,Read1,ReadPos 82 10% Quantile QV,37
POSITIONAL QUALITY,Read1,ReadPos 82 25% Quantile QV,37
POSITIONAL QUALITY,Read1,ReadPos 82 50% Quantile QV,37
POSITIONAL QUALITY,Read1,ReadPos 82 75% Quantile QV,37
POSITIONAL QUALITY,Read1,ReadPos 82 90% Quantile QV,37
POSITIONAL QUALITY,Read1,ReadPos 82 95% Quantile QV,37
POSITIONAL QUALITY,Read1,ReadPos 82 98% Quantile QV,37
POSITIONAL QUALITY,Read1,ReadPos 82 99% Quantile QV,37
POSITIONAL QUALITY,Read1,ReadPos 83 1% Quantile QV,11
POSITIONAL QUALITY,Read1,ReadPos 83 2% Quantile QV,25
POSITIONAL QUALITY,Read1,ReadPos 83 5% Quantile QV,37
POSITIONAL QUALITY,Read1,ReadPos 83 10% Quantile QV,37
POSITIONAL QUALITY,Read1,ReadPos 83 25% Quantile QV,37
POSITIONAL QUALITY,Read1,ReadPos 83 50% Quantile QV,37
POSITIONAL QUALITY,Read1,ReadPos 83 75% Quantile QV,37
POSITIONAL QUALITY,Read1,ReadPos 83 90% Quantile QV,37
POSITIONAL QUALITY,Read1,ReadPos 83 95% Quantile QV,37
POSITIONAL QUALITY,Read1,ReadPos 83 98% Quantile QV,37
POSITIONAL QUALITY,Read1,ReadPos 83 99% Quantile QV,37
POSITIONAL QUALITY,Read1,ReadPos 84 1% Quantile QV,11
POSITIONAL QUALITY,Read1,ReadPos 84 2% Quantile QV,25
POSITIONAL QUALITY,Read1,ReadPos 84 5% Quantile QV,37
POSITIONAL QUALITY,Read1,ReadPos 84 10% Quantile QV,37
POSITIONAL QUALITY,Read1,ReadPos 84 25% Quantile QV,37
POSITIONAL QUALITY,Read1,ReadPos 84 50% Quantile QV,37
POSITIONAL QUALITY,Read1,ReadPos 84 75% Quantile QV,37
POSITIONAL QUALITY,Read1,ReadPos 84 90% Quantile QV,37
POSITIONAL QUALITY,Read1,ReadPos 84 95% Quantile QV,37
POSITIONAL QUALITY,Read1,ReadPos 84 98% Quantile QV,37
POSITIONAL QUALITY,Read1,ReadPos 84 99% Quantile QV,37
POSITIONAL QUALITY,Read1,ReadPos 85 1% Quantile QV,11
POSITIONAL QUALITY,Read1,ReadPos 85 2% Quantile QV,25
POSITIONAL QUALITY,Read1,ReadPos 85 5% Quantile QV,37
POSITIONAL QUALITY,Read1,ReadPos 85 10% Quantile QV,37
POSITIONAL QUALITY,Read1,ReadPos 85 25% Quantile QV,37
POSITIONAL QUALITY,Read1,ReadPos 85 50% Quantile QV,37
POSITIONAL QUALITY,Read1,ReadPos 85 75% Quantile QV,37
POSITIONAL QUALITY,Read1,ReadPos 85 90% Quantile QV,37
POSITIONAL QUALITY,Read1,ReadPos 85 95% Quantile QV,37
POSITIONAL QUALITY,Read1,ReadPos 85 98% Quantile QV,37
POSITIONAL QUALITY,Read1,ReadPos 85 99% Quantile QV,37
POSITIONAL QUALITY,Read1,ReadPos 86 1% Quantile QV,11
POSITIONAL QUALITY,Read1,ReadPos 86 2% Quantile QV,25
POSITIONAL QUALITY,Read1,ReadPos 86 5% Quantile QV,37
POSITIONAL QUALITY,Read1,ReadPos 86 10% Quantile QV,37
POSITIONAL QUALITY,Read1,ReadPos 86 25% Quantile QV,37
POSITIONAL QUALITY,Read1,ReadPos 86 50% Quantile QV,37
POSITIONAL QUALITY,Read1,ReadPos 86 75% Quantile QV,37
POSITIONAL QUALITY,Read1,ReadPos 86 90% Quantile QV,37
POSITIONAL QUALITY,Read1,ReadPos 86 95% Quantile QV,37
POSITIONAL QUALITY,Read1,ReadPos 86 98% Quantile QV,37
POSITIONAL QUALITY,Read1,ReadPos 86 99% Quantile QV,37
POSITIONAL QUALITY,Read1,ReadPos 87 1% Quantile QV,11
POSITIONAL QUALITY,Read1,ReadPos 87 2% Quantile QV,25
POSITIONAL QUALITY,Read1,ReadPos 87 5% Quantile QV,37
POSITIONAL QUALITY,Read1,ReadPos 87 10% Quantile QV,37
POSITIONAL QUALITY,Read1,ReadPos 87 25% Quantile QV,37
POSITIONAL QUALITY,Read1,ReadPos 87 50% Quantile QV,37
POSITIONAL QUALITY,Read1,ReadPos 87 75% Quantile QV,37
POSITIONAL QUALITY,Read1,ReadPos 87 90% Quantile QV,37
POSITIONAL QUALITY,Read1,ReadPos 87 95% Quantile QV,37
POSITIONAL QUALITY,Read1,ReadPos 87 98% Quantile QV,37
POSITIONAL QUALITY,Read1,ReadPos 87 99% Quantile QV,37
POSITIONAL QUALITY,Read1,ReadPos 88 1% Quantile QV,11
POSITIONAL QUALITY,Read1,ReadPos 88 2% Quantile QV,25
POSITIONAL QUALITY,Read1,ReadPos 88 5% Quantile QV,37
POSITIONAL QUALITY,Read1,ReadPos 88 10% Quantile QV,37
POSITIONAL QUALITY,Read1,ReadPos 88 25% Quantile QV,37
POSITIONAL QUALITY,Read1,ReadPos 88 50% Quantile QV,37
POSITIONAL QUALITY,Read1,ReadPos 88 75% Quantile QV,37
POSITIONAL QUALITY,Read1,ReadPos 88 90% Quantile QV,37
POSITIONAL QUALITY,Read1,ReadPos 88 95% Quantile QV,37
POSITIONAL QUALITY,Read1,ReadPos 88 98% Quantile QV,37
POSITIONAL QUALITY,Read1,ReadPos 88 99% Quantile QV,37
POSITIONAL QUALITY,Read1,ReadPos 89 1% Quantile QV,11
POSITIONAL QUALITY,Read1,ReadPos 89 2% Quantile QV,25
POSITIONAL QUALITY,Read1,ReadPos 89 5% Quantile QV,37
POSITIONAL QUALITY,Read1,ReadPos 89 10% Quantile QV,37
POSITIONAL QUALITY,Read1,ReadPos 89 25% Quantile QV,37
POSITIONAL QUALITY,Read1,ReadPos 89 50% Quantile QV,37
POSITIONAL QUALITY,Read1,ReadPos 89 75% Quantile QV,37
POSITIONAL QUALITY,Read1,ReadPos 89 90% Quantile QV,37
POSITIONAL QUALITY,Read1,ReadPos 89 95% Quantile QV,37
POSITIONAL QUALITY,Read1,ReadPos 89 98% Quantile QV,37
POSITIONAL QUALITY,Read1,ReadPos 89 99% Quantile QV,37
POSITIONAL QUALITY,Read1,ReadPos 90 1% Quantile QV,11
POSITIONAL QUALITY,Read1,ReadPos 90 2% Quantile QV,25
POSITIONAL QUALITY,Read1,ReadPos 90 5% Quantile QV,37
POSITIONAL QUALITY,Read1,ReadPos 90 10% Quantile QV,37
POSITIONAL QUALITY,Read1,ReadPos 90 25% Quantile QV,37
POSITIONAL QUALITY,Read1,ReadPos 90 50% Quantile QV,37
POSITIONAL QUALITY,Read1,ReadPos 90 75% Quantile QV,37
POSITIONAL QUALITY,Read1,ReadPos 90 90% Quantile QV,37
POSITIONAL QUALITY,Read1,ReadPos 90 95% Quantile QV,37
POSITIONAL QUALITY,Read1,ReadPos 90 98% Quantile QV,37
POSITIONAL QUALITY,Read1,ReadPos 90 99% Quantile QV,37
POSITIONAL QUALITY,Read1,ReadPos 91 1% Quantile QV,11
POSITIONAL QUALITY,Read1,ReadPos 91 2% Quantile QV,25
POSITIONAL QUALITY,Read1,ReadPos 91 5% Quantile QV,37
POSITIONAL QUALITY,Read1,ReadPos 91 10% Quantile QV,37
POSITIONAL QUALITY,Read1,ReadPos 91 25% Quantile QV,37
POSITIONAL QUALITY,Read1,ReadPos 91 50% Quantile QV,37
POSITIONAL QUALITY,Read1,ReadPos 91 75% Quantile QV,37
POSITIONAL QUALITY,Read1,ReadPos 91 90% Quantile QV,37
POSITIONAL QUALITY,Read1,ReadPos 91 95% Quantile QV,37
POSITIONAL QUALITY,Read1,ReadPos 91 98% Quantile QV,37
POSITIONAL QUALITY,Read1,ReadPos 91 99% Quantile QV,37
POSITIONAL QUALITY,Read1,ReadPos 92 1% Quantile QV,11
POSITIONAL QUALITY,Read1,ReadPos 92 2% Quantile QV,25
POSITIONAL QUALITY,Read1,ReadPos 92 5% Quantile QV,37
POSITIONAL QUALITY,Read1,ReadPos 92 10% Quantile QV,37
POSITIONAL QUALITY,Read1,ReadPos 92 25% Quantile QV,37
POSITIONAL QUALITY,Read1,ReadPos 92 50% Quantile QV,37
POSITIONAL QUALITY,Read1,ReadPos 92 75% Quantile QV,37
POSITIONAL QUALITY,Read1,ReadPos 92 90% Quantile QV,37
POSITIONAL QUALITY,Read1,ReadPos 92 95% Quantile QV,37
POSITIONAL QUALITY,Read1,ReadPos 92 98% Quantile QV,37
POSITIONAL QUALITY,Read1,ReadPos 92 99% Quantile QV,37
POSITIONAL QUALITY,Read1,ReadPos 93 1% Quantile QV,11
POSITIONAL QUALITY,Read1,ReadPos 93 2% Quantile QV,25
POSITIONAL QUALITY,Read1,ReadPos 93 5% Quantile QV,37
POSITIONAL QUALITY,Read1,ReadPos 93 10% Quantile QV,37
POSITIONAL QUALITY,Read1,ReadPos 93 25% Quantile QV,37
POSITIONAL QUALITY,Read1,ReadPos 93 50% Quantile QV,37
POSITIONAL QUALITY,Read1,ReadPos 93 75% Quantile QV,37
POSITIONAL QUALITY,Read1,ReadPos 93 90% Quantile QV,37
POSITIONAL QUALITY,Read1,ReadPos 93 95% Quantile QV,37
POSITIONAL QUALITY,Read1,ReadPos 93 98% Quantile QV,37
POSITIONAL QUALITY,Read1,ReadPos 93 99% Quantile QV,37
POSITIONAL QUALITY,Read1,ReadPos 94 1% Quantile QV,11
POSITIONAL QUALITY,Read1,ReadPos 94 2% Quantile QV,25
POSITIONAL QUALITY,Read1,ReadPos 94 5% Quantile QV,37
POSITIONAL QUALITY,Read1,ReadPos 94 10% Quantile QV,37
POSITIONAL QUALITY,Read1,ReadPos 94 25% Quantile QV,37
POSITIONAL QUALITY,Read1,ReadPos 94 50% Quantile QV,37
POSITIONAL QUALITY,Read1,ReadPos 94 75% Quantile QV,37
POSITIONAL QUALITY,Read1,ReadPos 94 90% Quantile QV,37
POSITIONAL QUALITY,Read1,ReadPos 94 95% Quantile QV,37
POSITIONAL QUALITY,Read1,ReadPos 94 98% Quantile QV,37
POSITIONAL QUALITY,Read1,ReadPos 94 99% Quantile QV,37
POSITIONAL QUALITY,Read1,ReadPos 95 1% Quantile QV,11
POSITIONAL QUALITY,Read1,ReadPos 95 2% Quantile QV,25
POSITIONAL QUALITY,Read1,ReadPos 95 5% Quantile QV,37
POSITIONAL QUALITY,Read1,ReadPos 95 10% Quantile QV,37
POSITIONAL QUALITY,Read1,ReadPos 95 25% Quantile QV,37
POSITIONAL QUALITY,Read1,ReadPos 95 50% Quantile QV,37
POSITIONAL QUALITY,Read1,ReadPos 95 75% Quantile QV,37
POSITIONAL QUALITY,Read1,ReadPos 95 90% Quantile QV,37
POSITIONAL QUALITY,Read1,ReadPos 95 95% Quantile QV,37
POSITIONAL QUALITY,Read1,ReadPos 95 98% Quantile QV,37
POSITIONAL QUALITY,Read1,ReadPos 95 99% Quantile QV,37
POSITIONAL QUALITY,Read1,ReadPos 96 1% Quantile QV,11
POSITIONAL QUALITY,Read1,ReadPos 96 2% Quantile QV,25
POSITIONAL QUALITY,Read1,ReadPos 96 5% Quantile QV,37
POSITIONAL QUALITY,Read1,ReadPos 96 10% Quantile QV,37
POSITIONAL QUALITY,Read1,ReadPos 96 25% Quantile QV,37
POSITIONAL QUALITY,Read1,ReadPos 96 50% Quantile QV,37
POSITIONAL QUALITY,Read1,ReadPos 96 75% Quantile QV,37
POSITIONAL QUALITY,Read1,ReadPos 96 90% Quantile QV,37
POSITIONAL QUALITY,Read1,ReadPos 96 95% Quantile QV,37
POSITIONAL QUALITY,Read1,ReadPos 96 98% Quantile QV,37
POSITIONAL QUALITY,Read1,ReadPos 96 99% Quantile QV,37
POSITIONAL QUALITY,Read1,ReadPos 97 1% Quantile QV,11
POSITIONAL QUALITY,Read1,ReadPos 97 2% Quantile QV,25
POSITIONAL QUALITY,Read1,ReadPos 97 5% Quantile QV,37
POSITIONAL QUALITY,Read1,ReadPos 97 10% Quantile QV,37
POSITIONAL QUALITY,Read1,ReadPos 97 25% Quantile QV,37
POSITIONAL QUALITY,Read1,ReadPos 97 50% Quantile QV,37
POSITIONAL QUALITY,Read1,ReadPos 97 75% Quantile QV,37
POSITIONAL QUALITY,Read1,ReadPos 97 90% Quantile QV,37
POSITIONAL QUALITY,Read1,ReadPos 97 95% Quantile QV,37
POSITIONAL QUALITY,Read1,ReadPos 97 98% Quantile QV,37
POSITIONAL QUALITY,Read1,ReadPos 97 99% Quantile QV,37
POSITIONAL QUALITY,Read1,ReadPos 98 1% Quantile QV,11
POSITIONAL QUALITY,Read1,ReadPos 98 2% Quantile QV,25
POSITIONAL QUALITY,Read1,ReadPos 98 5% Quantile QV,37
POSITIONAL QUALITY,Read1,ReadPos 98 10% Quantile QV,37
POSITIONAL QUALITY,Read1,ReadPos 98 25% Quantile QV,37
POSITIONAL QUALITY,Read1,ReadPos 98 50% Quantile QV,37
POSITIONAL QUALITY,Read1,ReadPos 98 75% Quantile QV,37
POSITIONAL QUALITY,Read1,ReadPos 98 90% Quantile QV,37
POSITIONAL QUALITY,Read1,ReadPos 98 95% Quantile QV,37
POSITIONAL QUALITY,Read1,ReadPos 98 98% Quantile QV,37
POSITIONAL QUALITY,Read1,ReadPos 98 99% Quantile QV,37
POSITIONAL QUALITY,Read1,ReadPos 99 1% Quantile QV,11
POSITIONAL QUALITY,Read1,ReadPos 99 2% Quantile QV,25
POSITIONAL QUALITY,Read1,ReadPos 99 5% Quantile QV,37
POSITIONAL QUALITY,Read1,ReadPos 99 10% Quantile QV,37
POSITIONAL QUALITY,Read1,ReadPos 99 25% Quantile QV,37
POSITIONAL QUALITY,Read1,ReadPos 99 50% Quantile QV,37
POSITIONAL QUALITY,Read1,ReadPos 99 75% Quantile QV,37
POSITIONAL QUALITY,Read1,ReadPos 99 90% Quantile QV,37
POSITIONAL QUALITY,Read1,ReadPos 99 95% Quantile QV,37
POSITIONAL QUALITY,Read1,ReadPos 99 98% Quantile QV,37
POSITIONAL QUALITY,Read1,ReadPos 99 99% Quantile QV,37
POSITIONAL QUALITY,Read1,ReadPos 100 1% Quantile QV,11
POSITIONAL QUALITY,Read1,ReadPos 100 2% Quantile QV,25
POSITIONAL QUALITY,Read1,ReadPos 100 5% Quantile QV,37
POSITIONAL QUALITY,Read1,ReadPos 100 10% Quantile QV,37
POSITIONAL QUALITY,Read1,ReadPos 100 25% Quantile QV,37
POSITIONAL QUALITY,Read1,ReadPos 100 50% Quantile QV,37
POSITIONAL QUALITY,Read1,ReadPos 100 75% Quantile QV,37
POSITIONAL QUALITY,Read1,ReadPos 100 90% Quantile QV,37
POSITIONAL QUALITY,Read1,ReadPos 100 95% Quantile QV,37
POSITIONAL QUALITY,Read1,ReadPos 100 98% Quantile QV,37
POSITIONAL QUALITY,Read1,ReadPos 100 99% Quantile QV,37
POSITIONAL QUALITY,Read1,ReadPos 101 1% Quantile QV,11
POSITIONAL QUALITY,Read1,ReadPos 101 2% Quantile QV,25
POSITIONAL QUALITY,Read1,ReadPos 101 5% Quantile QV,25
POSITIONAL QUALITY,Read1,ReadPos 101 10% Quantile QV,37
POSITIONAL QUALITY,Read1,ReadPos 101 25% Quantile QV,37
POSITIONAL QUALITY,Read1,ReadPos 101 50% Quantile QV,37
POSITIONAL QUALITY,Read1,ReadPos 101 75% Quantile QV,37
POSITIONAL QUALITY,Read1,ReadPos 101 90% Quantile QV,37
POSITIONAL QUALITY,Read1,ReadPos 101 95% Quantile QV,37
POSITIONAL QUALITY,Read1,ReadPos 101 98% Quantile QV,37
POSITIONAL QUALITY,Read1,ReadPos 101 99% Quantile QV,37
READ MEAN QUALITY,Read2,Q2 Reads,1837
READ MEAN QUALITY,Read2,Q3 Reads,41
READ MEAN QUALITY,Read2,Q4 Reads,10
READ MEAN QUALITY,Read2,Q5 Reads,19
READ MEAN QUALITY,Read2,Q6 Reads,44
READ MEAN QUALITY,Read2,Q7 Reads,67
READ MEAN QUALITY,Read2,Q8 Reads,97
READ MEAN QUALITY,Read2,Q9 Reads,71
READ MEAN QUALITY,Read2,Q10 Reads,83
READ MEAN QUALITY,Read2,Q11 Reads,129
READ MEAN QUALITY,Read2,Q12 Reads,4881
READ MEAN QUALITY,Read2,Q13 Reads,61740
READ MEAN QUALITY,Read2,Q14 Reads,190233
READ MEAN QUALITY,Read2,Q15 Reads,250141
READ MEAN QUALITY,Read2,Q16 Reads,214032
READ MEAN QUALITY,Read2,Q17 Reads,162198
READ MEAN QUALITY,Read2,Q18 Reads,125758
READ MEAN QUALITY,Read2,Q19 Reads,109682
READ MEAN QUALITY,Read2,Q20 Reads,113802
READ MEAN QUALITY,Read2,Q21 Reads,141654
READ MEAN QUALITY,Read2,Q22 Reads,179527
READ MEAN QUALITY,Read2,Q23 Reads,215875
READ MEAN QUALITY,Read2,Q24 Reads,221135
READ MEAN QUALITY,Read2,Q25 Reads,194062
READ MEAN QUALITY,Read2,Q26 Reads,157488
READ MEAN QUALITY,Read2,Q27 Reads,136739
READ MEAN QUALITY,Read2,Q28 Reads,130743
READ MEAN QUALITY,Read2,Q29 Reads,142027
READ MEAN QUALITY,Read2,Q30 Reads,163272
READ MEAN QUALITY,Read2,Q31 Reads,203173
READ MEAN QUALITY,Read2,Q32 Reads,264002
READ MEAN QUALITY,Read2,Q33 Reads,384189
READ MEAN QUALITY,Read2,Q34 Reads,660709
READ MEAN QUALITY,Read2,Q35 Reads,1815074
READ MEAN QUALITY,Read2,Q36 Reads,11732616
READ MEAN QUALITY,Read2,Q37 Reads,43543894
POSITIONAL BASE MEAN QUALITY,Read2,ReadPos 1 A Average Quality,36.72
POSITIONAL BASE MEAN QUALITY,Read2,ReadPos 2 A Average Quality,36.24
POSITIONAL BASE MEAN QUALITY,Read2,ReadPos 3 A Average Quality,36.19
POSITIONAL BASE MEAN QUALITY,Read2,ReadPos 4 A Average Quality,36.21
POSITIONAL BASE MEAN QUALITY,Read2,ReadPos 5 A Average Quality,36.26
POSITIONAL BASE MEAN QUALITY,Read2,ReadPos 6 A Average Quality,36.17
POSITIONAL BASE MEAN QUALITY,Read2,ReadPos 7 A Average Quality,35.99
POSITIONAL BASE MEAN QUALITY,Read2,ReadPos 8 A Average Quality,36.04
POSITIONAL BASE MEAN QUALITY,Read2,ReadPos 9 A Average Quality,36.01
POSITIONAL BASE MEAN QUALITY,Read2,ReadPos 10 A Average Quality,36.15
POSITIONAL BASE MEAN QUALITY,Read2,ReadPos 11 A Average Quality,36.04
POSITIONAL BASE MEAN QUALITY,Read2,ReadPos 12 A Average Quality,35.94
POSITIONAL BASE MEAN QUALITY,Read2,ReadPos 13 A Average Quality,35.95
POSITIONAL BASE MEAN QUALITY,Read2,ReadPos 14 A Average Quality,35.83
POSITIONAL BASE MEAN QUALITY,Read2,ReadPos 15 A Average Quality,35.80
POSITIONAL BASE MEAN QUALITY,Read2,ReadPos 16 A Average Quality,35.77
POSITIONAL BASE MEAN QUALITY,Read2,ReadPos 17 A Average Quality,35.74
POSITIONAL BASE MEAN QUALITY,Read2,ReadPos 18 A Average Quality,35.68
POSITIONAL BASE MEAN QUALITY,Read2,ReadPos 19 A Average Quality,35.69
POSITIONAL BASE MEAN QUALITY,Read2,ReadPos 20 A Average Quality,35.64
POSITIONAL BASE MEAN QUALITY,Read2,ReadPos 21 A Average Quality,35.63
POSITIONAL BASE MEAN QUALITY,Read2,ReadPos 22 A Average Quality,35.51
POSITIONAL BASE MEAN QUALITY,Read2,ReadPos 23 A Average Quality,35.55
POSITIONAL BASE MEAN QUALITY,Read2,ReadPos 24 A Average Quality,35.52
POSITIONAL BASE MEAN QUALITY,Read2,ReadPos 25 A Average Quality,35.50
POSITIONAL BASE MEAN QUALITY,Read2,ReadPos 26 A Average Quality,35.45
POSITIONAL BASE MEAN QUALITY,Read2,ReadPos 27 A Average Quality,35.45
POSITIONAL BASE MEAN QUALITY,Read2,ReadPos 28 A Average Quality,35.43
POSITIONAL BASE MEAN QUALITY,Read2,ReadPos 29 A Average Quality,35.40
POSITIONAL BASE MEAN QUALITY,Read2,ReadPos 30 A Average Quality,35.39
POSITIONAL BASE MEAN QUALITY,Read2,ReadPos 31 A Average Quality,35.42
POSITIONAL BASE MEAN QUALITY,Read2,ReadPos 32 A Average Quality,35.34
POSITIONAL BASE MEAN QUALITY,Read2,ReadPos 33 A Average Quality,35.34
POSITIONAL BASE MEAN QUALITY,Read2,ReadPos 34 A Average Quality,35.31
POSITIONAL BASE MEAN QUALITY,Read2,ReadPos 35 A Average Quality,35.31
POSITIONAL BASE MEAN QUALITY,Read2,ReadPos 36 A Average Quality,35.31
POSITIONAL BASE MEAN QUALITY,Read2,ReadPos 37 A Average Quality,35.31
POSITIONAL BASE MEAN QUALITY,Read2,ReadPos 38 A Average Quality,35.26
POSITIONAL BASE MEAN QUALITY,Read2,ReadPos 39 A Average Quality,35.29
POSITIONAL BASE MEAN QUALITY,Read2,ReadPos 40 A Average Quality,35.26
POSITIONAL BASE MEAN QUALITY,Read2,ReadPos 41 A Average Quality,35.21
POSITIONAL BASE MEAN QUALITY,Read2,ReadPos 42 A Average Quality,35.22
POSITIONAL BASE MEAN QUALITY,Read2,ReadPos 43 A Average Quality,35.25
POSITIONAL BASE MEAN QUALITY,Read2,ReadPos 44 A Average Quality,35.21
POSITIONAL BASE MEAN QUALITY,Read2,ReadPos 45 A Average Quality,35.20
POSITIONAL BASE MEAN QUALITY,Read2,ReadPos 46 A Average Quality,35.17
POSITIONAL BASE MEAN QUALITY,Read2,ReadPos 47 A Average Quality,35.21
POSITIONAL BASE MEAN QUALITY,Read2,ReadPos 48 A Average Quality,35.15
POSITIONAL BASE MEAN QUALITY,Read2,ReadPos 49 A Average Quality,35.19
POSITIONAL BASE MEAN QUALITY,Read2,ReadPos 50 A Average Quality,35.16
POSITIONAL BASE MEAN QUALITY,Read2,ReadPos 51 A Average Quality,35.14
POSITIONAL BASE MEAN QUALITY,Read2,ReadPos 52 A Average Quality,35.13
POSITIONAL BASE MEAN QUALITY,Read2,ReadPos 53 A Average Quality,35.14
POSITIONAL BASE MEAN QUALITY,Read2,ReadPos 54 A Average Quality,35.13
POSITIONAL BASE MEAN QUALITY,Read2,ReadPos 55 A Average Quality,35.12
POSITIONAL BASE MEAN QUALITY,Read2,ReadPos 56 A Average Quality,35.06
POSITIONAL BASE MEAN QUALITY,Read2,ReadPos 57 A Average Quality,35.06
POSITIONAL BASE MEAN QUALITY,Read2,ReadPos 58 A Average Quality,35.07
POSITIONAL BASE MEAN QUALITY,Read2,ReadPos 59 A Average Quality,35.02
POSITIONAL BASE MEAN QUALITY,Read2,ReadPos 60 A Average Quality,35.01
POSITIONAL BASE MEAN QUALITY,Read2,ReadPos 61 A Average Quality,35.06
POSITIONAL BASE MEAN QUALITY,Read2,ReadPos 62 A Average Quality,34.99
POSITIONAL BASE MEAN QUALITY,Read2,ReadPos 63 A Average Quality,34.96
POSITIONAL BASE MEAN QUALITY,Read2,ReadPos 64 A Average Quality,34.95
POSITIONAL BASE MEAN QUALITY,Read2,ReadPos 65 A Average Quality,34.99
POSITIONAL BASE MEAN QUALITY,Read2,ReadPos 66 A Average Quality,34.97
POSITIONAL BASE MEAN QUALITY,Read2,ReadPos 67 A Average Quality,34.90
POSITIONAL BASE MEAN QUALITY,Read2,ReadPos 68 A Average Quality,34.94
POSITIONAL BASE MEAN QUALITY,Read2,ReadPos 69 A Average Quality,34.95
POSITIONAL BASE MEAN QUALITY,Read2,ReadPos 70 A Average Quality,34.82
POSITIONAL BASE MEAN QUALITY,Read2,ReadPos 71 A Average Quality,34.91
POSITIONAL BASE MEAN QUALITY,Read2,ReadPos 72 A Average Quality,34.85
POSITIONAL BASE MEAN QUALITY,Read2,ReadPos 73 A Average Quality,34.88
POSITIONAL BASE MEAN QUALITY,Read2,ReadPos 74 A Average Quality,34.95
POSITIONAL BASE MEAN QUALITY,Read2,ReadPos 75 A Average Quality,34.89
POSITIONAL BASE MEAN QUALITY,Read2,ReadPos 76 A Average Quality,34.91
POSITIONAL BASE MEAN QUALITY,Read2,ReadPos 77 A Average Quality,34.87
POSITIONAL BASE MEAN QUALITY,Read2,ReadPos 78 A Average Quality,34.82
POSITIONAL BASE MEAN QUALITY,Read2,ReadPos 79 A Average Quality,34.85
POSITIONAL BASE MEAN QUALITY,Read2,ReadPos 80 A Average Quality,34.81
POSITIONAL BASE MEAN QUALITY,Read2,ReadPos 81 A Average Quality,34.83
POSITIONAL BASE MEAN QUALITY,Read2,ReadPos 82 A Average Quality,34.77
POSITIONAL BASE MEAN QUALITY,Read2,ReadPos 83 A Average Quality,34.79
POSITIONAL BASE MEAN QUALITY,Read2,ReadPos 84 A Average Quality,34.79
POSITIONAL BASE MEAN QUALITY,Read2,ReadPos 85 A Average Quality,34.82
POSITIONAL BASE MEAN QUALITY,Read2,ReadPos 86 A Average Quality,34.75
POSITIONAL BASE MEAN QUALITY,Read2,ReadPos 87 A Average Quality,34.80
POSITIONAL BASE MEAN QUALITY,Read2,ReadPos 88 A Average Quality,34.71
POSITIONAL BASE MEAN QUALITY,Read2,ReadPos 89 A Average Quality,34.76
POSITIONAL BASE MEAN QUALITY,Read2,ReadPos 90 A Average Quality,34.72
POSITIONAL BASE MEAN QUALITY,Read2,ReadPos 91 A Average Quality,34.69
POSITIONAL BASE MEAN QUALITY,Read2,ReadPos 92 A Average Quality,34.71
POSITIONAL BASE MEAN QUALITY,Read2,ReadPos 93 A Average Quality,34.73
POSITIONAL BASE MEAN QUALITY,Read2,ReadPos 94 A Average Quality,34.62
POSITIONAL BASE MEAN QUALITY,Read2,ReadPos 95 A Average Quality,34.64
POSITIONAL BASE MEAN QUALITY,Read2,ReadPos 96 A Average Quality,34.61
POSITIONAL BASE MEAN QUALITY,Read2,ReadPos 97 A Average Quality,34.61
POSITIONAL BASE MEAN QUALITY,Read2,ReadPos 98 A Average Quality,34.56
POSITIONAL BASE MEAN QUALITY,Read2,ReadPos 99 A Average Quality,34.49
POSITIONAL BASE MEAN QUALITY,Read2,ReadPos 100 A Average Quality,34.25
POSITIONAL BASE MEAN QUALITY,Read2,ReadPos 101 A Average Quality,NA
POSITIONAL BASE MEAN QUALITY,Read2,ReadPos 1 C Average Quality,36.73
POSITIONAL BASE MEAN QUALITY,Read2,ReadPos 2 C Average Quality,36.30
POSITIONAL BASE MEAN QUALITY,Read2,ReadPos 3 C Average Quality,36.53
POSITIONAL BASE MEAN QUALITY,Read2,ReadPos 4 C Average Quality,36.52
POSITIONAL BASE MEAN QUALITY,Read2,ReadPos 5 C Average Quality,36.52
POSITIONAL BASE MEAN QUALITY,Read2,ReadPos 6 C Average Quality,36.49
POSITIONAL BASE MEAN QUALITY,Read2,ReadPos 7 C Average Quality,36.42
POSITIONAL BASE MEAN QUALITY,Read2,ReadPos 8 C Average Quality,36.52
POSITIONAL BASE MEAN QUALITY,Read2,ReadPos 9 C Average Quality,36.50
POSITIONAL BASE MEAN QUALITY,Read2,ReadPos 10 C Average Quality,36.38
POSITIONAL BASE MEAN QUALITY,Read2,ReadPos 11 C Average Quality,36.49
POSITIONAL BASE MEAN QUALITY,Read2,ReadPos 12 C Average Quality,36.43
POSITIONAL BASE MEAN QUALITY,Read2,ReadPos 13 C Average Quality,36.36
POSITIONAL BASE MEAN QUALITY,Read2,ReadPos 14 C Average Quality,36.37
POSITIONAL BASE MEAN QUALITY,Read2,ReadPos 15 C Average Quality,36.38
POSITIONAL BASE MEAN QUALITY,Read2,ReadPos 16 C Average Quality,36.39
POSITIONAL BASE MEAN QUALITY,Read2,ReadPos 17 C Average Quality,36.39
POSITIONAL BASE MEAN QUALITY,Read2,ReadPos 18 C Average Quality,36.37
POSITIONAL BASE MEAN QUALITY,Read2,ReadPos 19 C Average Quality,36.35
POSITIONAL BASE MEAN QUALITY,Read2,ReadPos 20 C Average Quality,36.36
POSITIONAL BASE MEAN QUALITY,Read2,ReadPos 21 C Average Quality,36.34
POSITIONAL BASE MEAN QUALITY,Read2,ReadPos 22 C Average Quality,36.33
POSITIONAL BASE MEAN QUALITY,Read2,ReadPos 23 C Average Quality,36.32
POSITIONAL BASE MEAN QUALITY,Read2,ReadPos 24 C Average Quality,36.31
POSITIONAL BASE MEAN QUALITY,Read2,ReadPos 25 C Average Quality,36.33
POSITIONAL BASE MEAN QUALITY,Read2,ReadPos 26 C Average Quality,36.32
POSITIONAL BASE MEAN QUALITY,Read2,ReadPos 27 C Average Quality,36.32
POSITIONAL BASE MEAN QUALITY,Read2,ReadPos 28 C Average Quality,36.30
POSITIONAL BASE MEAN QUALITY,Read2,ReadPos 29 C Average Quality,36.30
POSITIONAL BASE MEAN QUALITY,Read2,ReadPos 30 C Average Quality,36.29
POSITIONAL BASE MEAN QUALITY,Read2,ReadPos 31 C Average Quality,36.27
POSITIONAL BASE MEAN QUALITY,Read2,ReadPos 32 C Average Quality,36.28
POSITIONAL BASE MEAN QUALITY,Read2,ReadPos 33 C Average Quality,36.27
POSITIONAL BASE MEAN QUALITY,Read2,ReadPos 34 C Average Quality,36.28
POSITIONAL BASE MEAN QUALITY,Read2,ReadPos 35 C Average Quality,36.27
POSITIONAL BASE MEAN QUALITY,Read2,ReadPos 36 C Average Quality,36.26
POSITIONAL BASE MEAN QUALITY,Read2,ReadPos 37 C Average Quality,36.27
POSITIONAL BASE MEAN QUALITY,Read2,ReadPos 38 C Average Quality,36.27
POSITIONAL BASE MEAN QUALITY,Read2,ReadPos 39 C Average Quality,36.25
POSITIONAL BASE MEAN QUALITY,Read2,ReadPos 40 C Average Quality,36.25
POSITIONAL BASE MEAN QUALITY,Read2,ReadPos 41 C Average Quality,36.26
POSITIONAL BASE MEAN QUALITY,Read2,ReadPos 42 C Average Quality,36.25
POSITIONAL BASE MEAN QUALITY,Read2,ReadPos 43 C Average Quality,36.24
POSITIONAL BASE MEAN QUALITY,Read2,ReadPos 44 C Average Quality,36.23
POSITIONAL BASE MEAN QUALITY,Read2,ReadPos 45 C Average Quality,36.23
POSITIONAL BASE MEAN QUALITY,Read2,ReadPos 46 C Average Quality,36.22
POSITIONAL BASE MEAN QUALITY,Read2,ReadPos 47 C Average Quality,36.21
POSITIONAL BASE MEAN QUALITY,Read2,ReadPos 48 C Average Quality,36.23
POSITIONAL BASE MEAN QUALITY,Read2,ReadPos 49 C Average Quality,36.22
POSITIONAL BASE MEAN QUALITY,Read2,ReadPos 50 C Average Quality,36.19
POSITIONAL BASE MEAN QUALITY,Read2,ReadPos 51 C Average Quality,36.20
POSITIONAL BASE MEAN QUALITY,Read2,ReadPos 52 C Average Quality,36.19
POSITIONAL BASE MEAN QUALITY,Read2,ReadPos 53 C Average Quality,36.20
POSITIONAL BASE MEAN QUALITY,Read2,ReadPos 54 C Average Quality,36.20
POSITIONAL BASE MEAN QUALITY,Read2,ReadPos 55 C Average Quality,36.17
POSITIONAL BASE MEAN QUALITY,Read2,ReadPos 56 C Average Quality,36.18
POSITIONAL BASE MEAN QUALITY,Read2,ReadPos 57 C Average Quality,36.17
POSITIONAL BASE MEAN QUALITY,Read2,ReadPos 58 C Average Quality,36.18
POSITIONAL BASE MEAN QUALITY,Read2,ReadPos 59 C Average Quality,36.18
POSITIONAL BASE MEAN QUALITY,Read2,ReadPos 60 C Average Quality,36.16
POSITIONAL BASE MEAN QUALITY,Read2,ReadPos 61 C Average Quality,36.17
POSITIONAL BASE MEAN QUALITY,Read2,ReadPos 62 C Average Quality,36.14
POSITIONAL BASE MEAN QUALITY,Read2,ReadPos 63 C Average Quality,36.14
POSITIONAL BASE MEAN QUALITY,Read2,ReadPos 64 C Average Quality,36.13
POSITIONAL BASE MEAN QUALITY,Read2,ReadPos 65 C Average Quality,36.13
POSITIONAL BASE MEAN QUALITY,Read2,ReadPos 66 C Average Quality,36.13
POSITIONAL BASE MEAN QUALITY,Read2,ReadPos 67 C Average Quality,36.12
POSITIONAL BASE MEAN QUALITY,Read2,ReadPos 68 C Average Quality,36.12
POSITIONAL BASE MEAN QUALITY,Read2,ReadPos 69 C Average Quality,36.09
POSITIONAL BASE MEAN QUALITY,Read2,ReadPos 70 C Average Quality,36.08
POSITIONAL BASE MEAN QUALITY,Read2,ReadPos 71 C Average Quality,36.07
POSITIONAL BASE MEAN QUALITY,Read2,ReadPos 72 C Average Quality,36.08
POSITIONAL BASE MEAN QUALITY,Read2,ReadPos 73 C Average Quality,36.08
POSITIONAL BASE MEAN QUALITY,Read2,ReadPos 74 C Average Quality,36.07
POSITIONAL BASE MEAN QUALITY,Read2,ReadPos 75 C Average Quality,36.05
POSITIONAL BASE MEAN QUALITY,Read2,ReadPos 76 C Average Quality,36.04
POSITIONAL BASE MEAN QUALITY,Read2,ReadPos 77 C Average Quality,36.05
POSITIONAL BASE MEAN QUALITY,Read2,ReadPos 78 C Average Quality,36.05
POSITIONAL BASE MEAN QUALITY,Read2,ReadPos 79 C Average Quality,36.03
POSITIONAL BASE MEAN QUALITY,Read2,ReadPos 80 C Average Quality,36.03
POSITIONAL BASE MEAN QUALITY,Read2,ReadPos 81 C Average Quality,36.02
POSITIONAL BASE MEAN QUALITY,Read2,ReadPos 82 C Average Quality,36.01
POSITIONAL BASE MEAN QUALITY,Read2,ReadPos 83 C Average Quality,36.02
POSITIONAL BASE MEAN QUALITY,Read2,ReadPos 84 C Average Quality,36.01
POSITIONAL BASE MEAN QUALITY,Read2,ReadPos 85 C Average Quality,36.01
POSITIONAL BASE MEAN QUALITY,Read2,ReadPos 86 C Average Quality,36.02
POSITIONAL BASE MEAN QUALITY,Read2,ReadPos 87 C Average Quality,35.99
POSITIONAL BASE MEAN QUALITY,Read2,ReadPos 88 C Average Quality,36.01
POSITIONAL BASE MEAN QUALITY,Read2,ReadPos 89 C Average Quality,36.00
POSITIONAL BASE MEAN QUALITY,Read2,ReadPos 90 C Average Quality,35.98
POSITIONAL BASE MEAN QUALITY,Read2,ReadPos 91 C Average Quality,35.96
POSITIONAL BASE MEAN QUALITY,Read2,ReadPos 92 C Average Quality,35.95
POSITIONAL BASE MEAN QUALITY,Read2,ReadPos 93 C Average Quality,35.94
POSITIONAL BASE MEAN QUALITY,Read2,ReadPos 94 C Average Quality,35.95
POSITIONAL BASE MEAN QUALITY,Read2,ReadPos 95 C Average Quality,35.96
POSITIONAL BASE MEAN QUALITY,Read2,ReadPos 96 C Average Quality,35.90
POSITIONAL BASE MEAN QUALITY,Read2,ReadPos 97 C Average Quality,35.92
POSITIONAL BASE MEAN QUALITY,Read2,ReadPos 98 C Average Quality,35.90
POSITIONAL BASE MEAN QUALITY,Read2,ReadPos 99 C Average Quality,35.88
POSITIONAL BASE MEAN QUALITY,Read2,ReadPos 100 C Average Quality,35.88
POSITIONAL BASE MEAN QUALITY,Read2,ReadPos 101 C Average Quality,35.36
POSITIONAL BASE MEAN QUALITY,Read2,ReadPos 1 G Average Quality,36.47
POSITIONAL BASE MEAN QUALITY,Read2,ReadPos 2 G Average Quality,36.39
POSITIONAL BASE MEAN QUALITY,Read2,ReadPos 3 G Average Quality,36.04
POSITIONAL BASE MEAN QUALITY,Read2,ReadPos 4 G Average Quality,36.07
POSITIONAL BASE MEAN QUALITY,Read2,ReadPos 5 G Average Quality,36.08
POSITIONAL BASE MEAN QUALITY,Read2,ReadPos 6 G Average Quality,35.93
POSITIONAL BASE MEAN QUALITY,Read2,ReadPos 7 G Average Quality,35.63
POSITIONAL BASE MEAN QUALITY,Read2,ReadPos 8 G Average Quality,35.52
POSITIONAL BASE MEAN QUALITY,Read2,ReadPos 9 G Average Quality,35.47
POSITIONAL BASE MEAN QUALITY,Read2,ReadPos 10 G Average Quality,35.53
POSITIONAL BASE MEAN QUALITY,Read2,ReadPos 11 G Average Quality,35.69
POSITIONAL BASE MEAN QUALITY,Read2,ReadPos 12 G Average Quality,35.58
POSITIONAL BASE MEAN QUALITY,Read2,ReadPos 13 G Average Quality,35.47
POSITIONAL BASE MEAN QUALITY,Read2,ReadPos 14 G Average Quality,35.52
POSITIONAL BASE MEAN QUALITY,Read2,ReadPos 15 G Average Quality,35.53
POSITIONAL BASE MEAN QUALITY,Read2,ReadPos 16 G Average Quality,35.58
POSITIONAL BASE MEAN QUALITY,Read2,ReadPos 17 G Average Quality,35.60
POSITIONAL BASE MEAN QUALITY,Read2,ReadPos 18 G Average Quality,35.62
POSITIONAL BASE MEAN QUALITY,Read2,ReadPos 19 G Average Quality,35.71
POSITIONAL BASE MEAN QUALITY,Read2,ReadPos 20 G Average Quality,35.73
POSITIONAL BASE MEAN QUALITY,Read2,ReadPos 21 G Average Quality,35.73
POSITIONAL BASE MEAN QUALITY,Read2,ReadPos 22 G Average Quality,35.73
POSITIONAL BASE MEAN QUALITY,Read2,ReadPos 23 G Average Quality,35.79
POSITIONAL BASE MEAN QUALITY,Read2,ReadPos 24 G Average Quality,35.79
POSITIONAL BASE MEAN QUALITY,Read2,ReadPos 25 G Average Quality,35.78
POSITIONAL BASE MEAN QUALITY,Read2,ReadPos 26 G Average Quality,35.79
POSITIONAL BASE MEAN QUALITY,Read2,ReadPos 27 G Average Quality,35.79
POSITIONAL BASE MEAN QUALITY,Read2,ReadPos 28 G Average Quality,35.81
POSITIONAL BASE MEAN QUALITY,Read2,ReadPos 29 G Average Quality,35.84
POSITIONAL BASE MEAN QUALITY,Read2,ReadPos 30 G Average Quality,35.83
POSITIONAL BASE MEAN QUALITY,Read2,ReadPos 31 G Average Quality,35.85
POSITIONAL BASE MEAN QUALITY,Read2,ReadPos 32 G Average Quality,35.85
POSITIONAL BASE MEAN QUALITY,Read2,ReadPos 33 G Average Quality,35.84
POSITIONAL BASE MEAN QUALITY,Read2,ReadPos 34 G Average Quality,35.88
POSITIONAL BASE MEAN QUALITY,Read2,ReadPos 35 G Average Quality,35.87
POSITIONAL BASE MEAN QUALITY,Read2,ReadPos 36 G Average Quality,35.89
POSITIONAL BASE MEAN QUALITY,Read2,ReadPos 37 G Average Quality,35.87
POSITIONAL BASE MEAN QUALITY,Read2,ReadPos 38 G Average Quality,35.89
POSITIONAL BASE MEAN QUALITY,Read2,ReadPos 39 G Average Quality,35.86
POSITIONAL BASE MEAN QUALITY,Read2,ReadPos 40 G Average Quality,35.88
POSITIONAL BASE MEAN QUALITY,Read2,ReadPos 41 G Average Quality,35.90
POSITIONAL BASE MEAN QUALITY,Read2,ReadPos 42 G Average Quality,35.87
POSITIONAL BASE MEAN QUALITY,Read2,ReadPos 43 G Average Quality,35.90
POSITIONAL BASE MEAN QUALITY,Read2,ReadPos 44 G Average Quality,35.90
POSITIONAL BASE MEAN QUALITY,Read2,ReadPos 45 G Average Quality,35.90
POSITIONAL BASE MEAN QUALITY,Read2,ReadPos 46 G Average Quality,35.88
POSITIONAL BASE MEAN QUALITY,Read2,ReadPos 47 G Average Quality,35.89
POSITIONAL BASE MEAN QUALITY,Read2,ReadPos 48 G Average Quality,35.89
POSITIONAL BASE MEAN QUALITY,Read2,ReadPos 49 G Average Quality,35.89
POSITIONAL BASE MEAN QUALITY,Read2,ReadPos 50 G Average Quality,35.91
POSITIONAL BASE MEAN QUALITY,Read2,ReadPos 51 G Average Quality,35.88
POSITIONAL BASE MEAN QUALITY,Read2,ReadPos 52 G Average Quality,35.91
POSITIONAL BASE MEAN QUALITY,Read2,ReadPos 53 G Average Quality,35.89
POSITIONAL BASE MEAN QUALITY,Read2,ReadPos 54 G Average Quality,35.90
POSITIONAL BASE MEAN QUALITY,Read2,ReadPos 55 G Average Quality,35.89
POSITIONAL BASE MEAN QUALITY,Read2,ReadPos 56 G Average Quality,35.88
POSITIONAL BASE MEAN QUALITY,Read2,ReadPos 57 G Average Quality,35.86
POSITIONAL BASE MEAN QUALITY,Read2,ReadPos 58 G Average Quality,35.87
POSITIONAL BASE MEAN QUALITY,Read2,ReadPos 59 G Average Quality,35.87
POSITIONAL BASE MEAN QUALITY,Read2,ReadPos 60 G Average Quality,35.86
POSITIONAL BASE MEAN QUALITY,Read2,ReadPos 61 G Average Quality,35.87
POSITIONAL BASE MEAN QUALITY,Read2,ReadPos 62 G Average Quality,35.85
POSITIONAL BASE MEAN QUALITY,Read2,ReadPos 63 G Average Quality,35.86
POSITIONAL BASE MEAN QUALITY,Read2,ReadPos 64 G Average Quality,35.87
POSITIONAL BASE MEAN QUALITY,Read2,ReadPos 65 G Average Quality,35.85
POSITIONAL BASE MEAN QUALITY,Read2,ReadPos 66 G Average Quality,35.84
POSITIONAL BASE MEAN QUALITY,Read2,ReadPos 67 G Average Quality,35.84
POSITIONAL BASE MEAN QUALITY,Read2,ReadPos 68 G Average Quality,35.85
POSITIONAL BASE MEAN QUALITY,Read2,ReadPos 69 G Average Quality,35.81
POSITIONAL BASE MEAN QUALITY,Read2,ReadPos 70 G Average Quality,35.79
POSITIONAL BASE MEAN QUALITY,Read2,ReadPos 71 G Average Quality,35.80
POSITIONAL BASE MEAN QUALITY,Read2,ReadPos 72 G Average Quality,35.80
POSITIONAL BASE MEAN QUALITY,Read2,ReadPos 73 G Average Quality,35.84
POSITIONAL BASE MEAN QUALITY,Read2,ReadPos 74 G Average Quality,35.84
POSITIONAL BASE MEAN QUALITY,Read2,ReadPos 75 G Average Quality,35.81
POSITIONAL BASE MEAN QUALITY,Read2,ReadPos 76 G Average Quality,35.80
POSITIONAL BASE MEAN QUALITY,Read2,ReadPos 77 G Average Quality,35.80
POSITIONAL BASE MEAN QUALITY,Read2,ReadPos 78 G Average Quality,35.79
POSITIONAL BASE MEAN QUALITY,Read2,ReadPos 79 G Average Quality,35.81
POSITIONAL BASE MEAN QUALITY,Read2,ReadPos 80 G Average Quality,35.79
POSITIONAL BASE MEAN QUALITY,Read2,ReadPos 81 G Average Quality,35.82
POSITIONAL BASE MEAN QUALITY,Read2,ReadPos 82 G Average Quality,35.78
POSITIONAL BASE MEAN QUALITY,Read2,ReadPos 83 G Average Quality,35.80
POSITIONAL BASE MEAN QUALITY,Read2,ReadPos 84 G Average Quality,35.78
POSITIONAL BASE MEAN QUALITY,Read2,ReadPos 85 G Average Quality,35.81
POSITIONAL BASE MEAN QUALITY,Read2,ReadPos 86 G Average Quality,35.78
POSITIONAL BASE MEAN QUALITY,Read2,ReadPos 87 G Average Quality,35.76
POSITIONAL BASE MEAN QUALITY,Read2,ReadPos 88 G Average Quality,35.74
POSITIONAL BASE MEAN QUALITY,Read2,ReadPos 89 G Average Quality,35.76
POSITIONAL BASE MEAN QUALITY,Read2,ReadPos 90 G Average Quality,35.73
POSITIONAL BASE MEAN QUALITY,Read2,ReadPos 91 G Average Quality,35.70
POSITIONAL BASE MEAN QUALITY,Read2,ReadPos 92 G Average Quality,35.70
POSITIONAL BASE MEAN QUALITY,Read2,ReadPos 93 G Average Quality,35.71
POSITIONAL BASE MEAN QUALITY,Read2,ReadPos 94 G Average Quality,35.67
POSITIONAL BASE MEAN QUALITY,Read2,ReadPos 95 G Average Quality,35.66
POSITIONAL BASE MEAN QUALITY,Read2,ReadPos 96 G Average Quality,35.65
POSITIONAL BASE MEAN QUALITY,Read2,ReadPos 97 G Average Quality,35.65
POSITIONAL BASE MEAN QUALITY,Read2,ReadPos 98 G Average Quality,35.60
POSITIONAL BASE MEAN QUALITY,Read2,ReadPos 99 G Average Quality,35.57
POSITIONAL BASE MEAN QUALITY,Read2,ReadPos 100 G Average Quality,35.59
POSITIONAL BASE MEAN QUALITY,Read2,ReadPos 101 G Average Quality,35.33
POSITIONAL BASE MEAN QUALITY,Read2,ReadPos 1 T Average Quality,36.73
POSITIONAL BASE MEAN QUALITY,Read2,ReadPos 2 T Average Quality,36.55
POSITIONAL BASE MEAN QUALITY,Read2,ReadPos 3 T Average Quality,36.54
POSITIONAL BASE MEAN QUALITY,Read2,ReadPos 4 T Average Quality,36.53
POSITIONAL BASE MEAN QUALITY,Read2,ReadPos 5 T Average Quality,36.52
POSITIONAL BASE MEAN QUALITY,Read2,ReadPos 6 T Average Quality,36.41
POSITIONAL BASE MEAN QUALITY,Read2,ReadPos 7 T Average Quality,36.48
POSITIONAL BASE MEAN QUALITY,Read2,ReadPos 8 T Average Quality,36.43
POSITIONAL BASE MEAN QUALITY,Read2,ReadPos 9 T Average Quality,36.45
POSITIONAL BASE MEAN QUALITY,Read2,ReadPos 10 T Average Quality,36.46
POSITIONAL BASE MEAN QUALITY,Read2,ReadPos 11 T Average Quality,36.36
POSITIONAL BASE MEAN QUALITY,Read2,ReadPos 12 T Average Quality,36.39
POSITIONAL BASE MEAN QUALITY,Read2,ReadPos 13 T Average Quality,36.40
POSITIONAL BASE MEAN QUALITY,Read2,ReadPos 14 T Average Quality,36.37
POSITIONAL BASE MEAN QUALITY,Read2,ReadPos 15 T Average Quality,36.33
POSITIONAL BASE MEAN QUALITY,Read2,ReadPos 16 T Average Quality,36.30
POSITIONAL BASE MEAN QUALITY,Read2,ReadPos 17 T Average Quality,36.27
POSITIONAL BASE MEAN QUALITY,Read2,ReadPos 18 T Average Quality,36.27
POSITIONAL BASE MEAN QUALITY,Read2,ReadPos 19 T Average Quality,36.26
POSITIONAL BASE MEAN QUALITY,Read2,ReadPos 20 T Average Quality,36.24
POSITIONAL BASE MEAN QUALITY,Read2,ReadPos 21 T Average Quality,36.26
POSITIONAL BASE MEAN QUALITY,Read2,ReadPos 22 T Average Quality,36.23
POSITIONAL BASE MEAN QUALITY,Read2,ReadPos 23 T Average Quality,36.23
POSITIONAL BASE MEAN QUALITY,Read2,ReadPos 24 T Average Quality,36.20
POSITIONAL BASE MEAN QUALITY,Read2,ReadPos 25 T Average Quality,36.21
POSITIONAL BASE MEAN QUALITY,Read2,ReadPos 26 T Average Quality,36.19
POSITIONAL BASE MEAN QUALITY,Read2,ReadPos 27 T Average Quality,36.19
POSITIONAL BASE MEAN QUALITY,Read2,ReadPos 28 T Average Quality,36.18
POSITIONAL BASE MEAN QUALITY,Read2,ReadPos 29 T Average Quality,36.16
POSITIONAL BASE MEAN QUALITY,Read2,ReadPos 30 T Average Quality,36.15
POSITIONAL BASE MEAN QUALITY,Read2,ReadPos 31 T Average Quality,36.15
POSITIONAL BASE MEAN QUALITY,Read2,ReadPos 32 T Average Quality,36.14
POSITIONAL BASE MEAN QUALITY,Read2,ReadPos 33 T Average Quality,36.16
POSITIONAL BASE MEAN QUALITY,Read2,ReadPos 34 T Average Quality,36.12
POSITIONAL BASE MEAN QUALITY,Read2,ReadPos 35 T Average Quality,36.12
POSITIONAL BASE MEAN QUALITY,Read2,ReadPos 36 T Average Quality,36.13
POSITIONAL BASE MEAN QUALITY,Read2,ReadPos 37 T Average Quality,36.10
POSITIONAL BASE MEAN QUALITY,Read2,ReadPos 38 T Average Quality,36.10
POSITIONAL BASE MEAN QUALITY,Read2,ReadPos 39 T Average Quality,36.11
POSITIONAL BASE MEAN QUALITY,Read2,ReadPos 40 T Average Quality,36.10
POSITIONAL BASE MEAN QUALITY,Read2,ReadPos 41 T Average Quality,36.10
POSITIONAL BASE MEAN QUALITY,Read2,ReadPos 42 T Average Quality,36.10
POSITIONAL BASE MEAN QUALITY,Read2,ReadPos 43 T Average Quality,36.07
POSITIONAL BASE MEAN QUALITY,Read2,ReadPos 44 T Average Quality,36.08
POSITIONAL BASE MEAN QUALITY,Read2,ReadPos 45 T Average Quality,36.07
POSITIONAL BASE MEAN QUALITY,Read2,ReadPos 46 T Average Quality,36.09
POSITIONAL BASE MEAN QUALITY,Read2,ReadPos 47 T Average Quality,36.09
POSITIONAL BASE MEAN QUALITY,Read2,ReadPos 48 T Average Quality,36.05
POSITIONAL BASE MEAN QUALITY,Read2,ReadPos 49 T Average Quality,36.05
POSITIONAL BASE MEAN QUALITY,Read2,ReadPos 50 T Average Quality,36.06
POSITIONAL BASE MEAN QUALITY,Read2,ReadPos 51 T Average Quality,36.04
POSITIONAL BASE MEAN QUALITY,Read2,ReadPos 52 T Average Quality,36.03
POSITIONAL BASE MEAN QUALITY,Read2,ReadPos 53 T Average Quality,36.02
POSITIONAL BASE MEAN QUALITY,Read2,ReadPos 54 T Average Quality,36.03
POSITIONAL BASE MEAN QUALITY,Read2,ReadPos 55 T Average Quality,36.02
POSITIONAL BASE MEAN QUALITY,Read2,ReadPos 56 T Average Quality,35.98
POSITIONAL BASE MEAN QUALITY,Read2,ReadPos 57 T Average Quality,36.00
POSITIONAL BASE MEAN QUALITY,Read2,ReadPos 58 T Average Quality,36.00
POSITIONAL BASE MEAN QUALITY,Read2,ReadPos 59 T Average Quality,35.99
POSITIONAL BASE MEAN QUALITY,Read2,ReadPos 60 T Average Quality,35.97
POSITIONAL BASE MEAN QUALITY,Read2,ReadPos 61 T Average Quality,36.00
POSITIONAL BASE MEAN QUALITY,Read2,ReadPos 62 T Average Quality,35.97
POSITIONAL BASE MEAN QUALITY,Read2,ReadPos 63 T Average Quality,35.96
POSITIONAL BASE MEAN QUALITY,Read2,ReadPos 64 T Average Quality,35.97
POSITIONAL BASE MEAN QUALITY,Read2,ReadPos 65 T Average Quality,35.96
POSITIONAL BASE MEAN QUALITY,Read2,ReadPos 66 T Average Quality,35.95
POSITIONAL BASE MEAN QUALITY,Read2,ReadPos 67 T Average Quality,35.95
POSITIONAL BASE MEAN QUALITY,Read2,ReadPos 68 T Average Quality,35.93
POSITIONAL BASE MEAN QUALITY,Read2,ReadPos 69 T Average Quality,35.93
POSITIONAL BASE MEAN QUALITY,Read2,ReadPos 70 T Average Quality,35.88
POSITIONAL BASE MEAN QUALITY,Read2,ReadPos 71 T Average Quality,35.91
POSITIONAL BASE MEAN QUALITY,Read2,ReadPos 72 T Average Quality,35.89
POSITIONAL BASE MEAN QUALITY,Read2,ReadPos 73 T Average Quality,35.89
POSITIONAL BASE MEAN QUALITY,Read2,ReadPos 74 T Average Quality,35.92
POSITIONAL BASE MEAN QUALITY,Read2,ReadPos 75 T Average Quality,35.93
POSITIONAL BASE MEAN QUALITY,Read2,ReadPos 76 T Average Quality,35.89
POSITIONAL BASE MEAN QUALITY,Read2,ReadPos 77 T Average Quality,35.88
POSITIONAL BASE MEAN QUALITY,Read2,ReadPos 78 T Average Quality,35.90
POSITIONAL BASE MEAN QUALITY,Read2,ReadPos 79 T Average Quality,35.90
POSITIONAL BASE MEAN QUALITY,Read2,ReadPos 80 T Average Quality,35.89
POSITIONAL BASE MEAN QUALITY,Read2,ReadPos 81 T Average Quality,35.91
POSITIONAL BASE MEAN QUALITY,Read2,ReadPos 82 T Average Quality,35.87
POSITIONAL BASE MEAN QUALITY,Read2,ReadPos 83 T Average Quality,35.89
POSITIONAL BASE MEAN QUALITY,Read2,ReadPos 84 T Average Quality,35.88
POSITIONAL BASE MEAN QUALITY,Read2,ReadPos 85 T Average Quality,35.89
POSITIONAL BASE MEAN QUALITY,Read2,ReadPos 86 T Average Quality,35.87
POSITIONAL BASE MEAN QUALITY,Read2,ReadPos 87 T Average Quality,35.87
POSITIONAL BASE MEAN QUALITY,Read2,ReadPos 88 T Average Quality,35.82
POSITIONAL BASE MEAN QUALITY,Read2,ReadPos 89 T Average Quality,35.87
POSITIONAL BASE MEAN QUALITY,Read2,ReadPos 90 T Average Quality,35.86
POSITIONAL BASE MEAN QUALITY,Read2,ReadPos 91 T Average Quality,35.85
POSITIONAL BASE MEAN QUALITY,Read2,ReadPos 92 T Average Quality,35.84
POSITIONAL BASE MEAN QUALITY,Read2,ReadPos 93 T Average Quality,35.86
POSITIONAL BASE MEAN QUALITY,Read2,ReadPos 94 T Average Quality,35.83
POSITIONAL BASE MEAN QUALITY,Read2,ReadPos 95 T Average Quality,35.83
POSITIONAL BASE MEAN QUALITY,Read2,ReadPos 96 T Average Quality,35.83
POSITIONAL BASE MEAN QUALITY,Read2,ReadPos 97 T Average Quality,35.82
POSITIONAL BASE MEAN QUALITY,Read2,ReadPos 98 T Average Quality,35.81
POSITIONAL BASE MEAN QUALITY,Read2,ReadPos 99 T Average Quality,35.79
POSITIONAL BASE MEAN QUALITY,Read2,ReadPos 100 T Average Quality,35.76
POSITIONAL BASE MEAN QUALITY,Read2,ReadPos 101 T Average Quality,35.57
POSITIONAL BASE CONTENT,Read2,ReadPos 1 A Bases,14861492
POSITIONAL BASE CONTENT,Read2,ReadPos 2 A Bases,13513346
POSITIONAL BASE CONTENT,Read2,ReadPos 3 A Bases,14749404
POSITIONAL BASE CONTENT,Read2,ReadPos 4 A Bases,20175017
POSITIONAL BASE CONTENT,Read2,ReadPos 5 A Bases,20882262
POSITIONAL BASE CONTENT,Read2,ReadPos 6 A Bases,21067335
POSITIONAL BASE CONTENT,Read2,ReadPos 7 A Bases,11740929
POSITIONAL BASE CONTENT,Read2,ReadPos 8 A Bases,13553860
POSITIONAL BASE CONTENT,Read2,ReadPos 9 A Bases,13165827
POSITIONAL BASE CONTENT,Read2,ReadPos 10 A Bases,19837340
POSITIONAL BASE CONTENT,Read2,ReadPos 11 A Bases,14663130
POSITIONAL BASE CONTENT,Read2,ReadPos 12 A Bases,13488751
POSITIONAL BASE CONTENT,Read2,ReadPos 13 A Bases,15349158
POSITIONAL BASE CONTENT,Read2,ReadPos 14 A Bases,15662082
POSITIONAL BASE CONTENT,Read2,ReadPos 15 A Bases,15611719
POSITIONAL BASE CONTENT,Read2,ReadPos 16 A Bases,15537674
POSITIONAL BASE CONTENT,Read2,ReadPos 17 A Bases,16006724
POSITIONAL BASE CONTENT,Read2,ReadPos 18 A Bases,16185154
POSITIONAL BASE CONTENT,Read2,ReadPos 19 A Bases,15973646
POSITIONAL BASE CONTENT,Read2,ReadPos 20 A Bases,16217798
POSITIONAL BASE CONTENT,Read2,ReadPos 21 A Bases,16263247
POSITIONAL BASE CONTENT,Read2,ReadPos 22 A Bases,16363978
POSITIONAL BASE CONTENT,Read2,ReadPos 23 A Bases,16277240
POSITIONAL BASE CONTENT,Read2,ReadPos 24 A Bases,16267165
POSITIONAL BASE CONTENT,Read2,ReadPos 25 A Bases,15964218
POSITIONAL BASE CONTENT,Read2,ReadPos 26 A Bases,16376145
POSITIONAL BASE CONTENT,Read2,ReadPos 27 A Bases,16335172
POSITIONAL BASE CONTENT,Read2,ReadPos 28 A Bases,16107216
POSITIONAL BASE CONTENT,Read2,ReadPos 29 A Bases,16004949
POSITIONAL BASE CONTENT,Read2,ReadPos 30 A Bases,16418452
POSITIONAL BASE CONTENT,Read2,ReadPos 31 A Bases,16475325
POSITIONAL BASE CONTENT,Read2,ReadPos 32 A Bases,16064951
POSITIONAL BASE CONTENT,Read2,ReadPos 33 A Bases,16163529
POSITIONAL BASE CONTENT,Read2,ReadPos 34 A Bases,16443917
POSITIONAL BASE CONTENT,Read2,ReadPos 35 A Bases,16255217
POSITIONAL BASE CONTENT,Read2,ReadPos 36 A Bases,16233303
POSITIONAL BASE CONTENT,Read2,ReadPos 37 A Bases,16136391
POSITIONAL BASE CONTENT,Read2,ReadPos 38 A Bases,16087756
POSITIONAL BASE CONTENT,Read2,ReadPos 39 A Bases,16366207
POSITIONAL BASE CONTENT,Read2,ReadPos 40 A Bases,16560918
POSITIONAL BASE CONTENT,Read2,ReadPos 41 A Bases,16362694
POSITIONAL BASE CONTENT,Read2,ReadPos 42 A Bases,16277456
POSITIONAL BASE CONTENT,Read2,ReadPos 43 A Bases,16381760
POSITIONAL BASE CONTENT,Read2,ReadPos 44 A Bases,16519246
POSITIONAL BASE CONTENT,Read2,ReadPos 45 A Bases,16280715
POSITIONAL BASE CONTENT,Read2,ReadPos 46 A Bases,16292677
POSITIONAL BASE CONTENT,Read2,ReadPos 47 A Bases,16472609
POSITIONAL BASE CONTENT,Read2,ReadPos 48 A Bases,16359116
POSITIONAL BASE CONTENT,Read2,ReadPos 49 A Bases,16517530
POSITIONAL BASE CONTENT,Read2,ReadPos 50 A Bases,16491454
POSITIONAL BASE CONTENT,Read2,ReadPos 51 A Bases,16343755
POSITIONAL BASE CONTENT,Read2,ReadPos 52 A Bases,16400266
POSITIONAL BASE CONTENT,Read2,ReadPos 53 A Bases,16482459
POSITIONAL BASE CONTENT,Read2,ReadPos 54 A Bases,16450650
POSITIONAL BASE CONTENT,Read2,ReadPos 55 A Bases,16462761
POSITIONAL BASE CONTENT,Read2,ReadPos 56 A Bases,16476247
POSITIONAL BASE CONTENT,Read2,ReadPos 57 A Bases,16404937
POSITIONAL BASE CONTENT,Read2,ReadPos 58 A Bases,16569490
POSITIONAL BASE CONTENT,Read2,ReadPos 59 A Bases,16253400
POSITIONAL BASE CONTENT,Read2,ReadPos 60 A Bases,16355557
POSITIONAL BASE CONTENT,Read2,ReadPos 61 A Bases,16336562
POSITIONAL BASE CONTENT,Read2,ReadPos 62 A Bases,16526007
POSITIONAL BASE CONTENT,Read2,ReadPos 63 A Bases,16459159
POSITIONAL BASE CONTENT,Read2,ReadPos 64 A Bases,16341340
POSITIONAL BASE CONTENT,Read2,ReadPos 65 A Bases,16573917
POSITIONAL BASE CONTENT,Read2,ReadPos 66 A Bases,16557779
POSITIONAL BASE CONTENT,Read2,ReadPos 67 A Bases,16384352
POSITIONAL BASE CONTENT,Read2,ReadPos 68 A Bases,16420349
POSITIONAL BASE CONTENT,Read2,ReadPos 69 A Bases,16484202
POSITIONAL BASE CONTENT,Read2,ReadPos 70 A Bases,16350561
POSITIONAL BASE CONTENT,Read2,ReadPos 71 A Bases,16467248
POSITIONAL BASE CONTENT,Read2,ReadPos 72 A Bases,16474485
POSITIONAL BASE CONTENT,Read2,ReadPos 73 A Bases,16400276
POSITIONAL BASE CONTENT,Read2,ReadPos 74 A Bases,16743128
POSITIONAL BASE CONTENT,Read2,ReadPos 75 A Bases,16471863
POSITIONAL BASE CONTENT,Read2,ReadPos 76 A Bases,16586070
POSITIONAL BASE CONTENT,Read2,ReadPos 77 A Bases,16470167
POSITIONAL BASE CONTENT,Read2,ReadPos 78 A Bases,16362219
POSITIONAL BASE CONTENT,Read2,ReadPos 79 A Bases,16588134
POSITIONAL BASE CONTENT,Read2,ReadPos 80 A Bases,16435974
POSITIONAL BASE CONTENT,Read2,ReadPos 81 A Bases,16233280
POSITIONAL BASE CONTENT,Read2,ReadPos 82 A Bases,16270461
POSITIONAL BASE CONTENT,Read2,ReadPos 83 A Bases,16023669
POSITIONAL BASE CONTENT,Read2,ReadPos 84 A Bases,16160559
POSITIONAL BASE CONTENT,Read2,ReadPos 85 A Bases,16161414
POSITIONAL BASE CONTENT,Read2,ReadPos 86 A Bases,16141720
POSITIONAL BASE CONTENT,Read2,ReadPos 87 A Bases,16315603
POSITIONAL BASE CONTENT,Read2,ReadPos 88 A Bases,16217846
POSITIONAL BASE CONTENT,Read2,ReadPos 89 A Bases,15989801
POSITIONAL BASE CONTENT,Read2,ReadPos 90 A Bases,15728784
POSITIONAL BASE CONTENT,Read2,ReadPos 91 A Bases,15554860
POSITIONAL BASE CONTENT,Read2,ReadPos 92 A Bases,15814401
POSITIONAL BASE CONTENT,Read2,ReadPos 93 A Bases,15673573
POSITIONAL BASE CONTENT,Read2,ReadPos 94 A Bases,15366785
POSITIONAL BASE CONTENT,Read2,ReadPos 95 A Bases,15410249
POSITIONAL BASE CONTENT,Read2,ReadPos 96 A Bases,15336095
POSITIONAL BASE CONTENT,Read2,ReadPos 97 A Bases,15136240
POSITIONAL BASE CONTENT,Read2,ReadPos 98 A Bases,15000022
POSITIONAL BASE CONTENT,Read2,ReadPos 99 A Bases,13741394
POSITIONAL BASE CONTENT,Read2,ReadPos 100 A Bases,10889967
POSITIONAL BASE CONTENT,Read2,ReadPos 101 A Bases,0
POSITIONAL BASE CONTENT,Read2,ReadPos 1 C Bases,14595779
POSITIONAL BASE CONTENT,Read2,ReadPos 2 C Bases,10235188
POSITIONAL BASE CONTENT,Read2,ReadPos 3 C Bases,12450921
POSITIONAL BASE CONTENT,Read2,ReadPos 4 C Bases,11734943
POSITIONAL BASE CONTENT,Read2,ReadPos 5 C Bases,11284840
POSITIONAL BASE CONTENT,Read2,ReadPos 6 C Bases,12649755
POSITIONAL BASE CONTENT,Read2,ReadPos 7 C Bases,13871368
POSITIONAL BASE CONTENT,Read2,ReadPos 8 C Bases,17734373
POSITIONAL BASE CONTENT,Read2,ReadPos 9 C Bases,16619430
POSITIONAL BASE CONTENT,Read2,ReadPos 10 C Bases,12186730
POSITIONAL BASE CONTENT,Read2,ReadPos 11 C Bases,16113459
POSITIONAL BASE CONTENT,Read2,ReadPos 12 C Bases,15927144
POSITIONAL BASE CONTENT,Read2,ReadPos 13 C Bases,14439500
POSITIONAL BASE CONTENT,Read2,ReadPos 14 C Bases,13933223
POSITIONAL BASE CONTENT,Read2,ReadPos 15 C Bases,14078338
POSITIONAL BASE CONTENT,Read2,ReadPos 16 C Bases,14232337
POSITIONAL BASE CONTENT,Read2,ReadPos 17 C Bases,14524918
POSITIONAL BASE CONTENT,Read2,ReadPos 18 C Bases,14302096
POSITIONAL BASE CONTENT,Read2,ReadPos 19 C Bases,14151131
POSITIONAL BASE CONTENT,Read2,ReadPos 20 C Bases,14235506
POSITIONAL BASE CONTENT,Read2,ReadPos 21 C Bases,14461742
POSITIONAL BASE CONTENT,Read2,ReadPos 22 C Bases,14275616
POSITIONAL BASE CONTENT,Read2,ReadPos 23 C Bases,13882156
POSITIONAL BASE CONTENT,Read2,ReadPos 24 C Bases,14027054
POSITIONAL BASE CONTENT,Read2,ReadPos 25 C Bases,14226243
POSITIONAL BASE CONTENT,Read2,ReadPos 26 C Bases,13982113
POSITIONAL BASE CONTENT,Read2,ReadPos 27 C Bases,14039742
POSITIONAL BASE CONTENT,Read2,ReadPos 28 C Bases,14060991
POSITIONAL BASE CONTENT,Read2,ReadPos 29 C Bases,14039108
POSITIONAL BASE CONTENT,Read2,ReadPos 30 C Bases,14114564
POSITIONAL BASE CONTENT,Read2,ReadPos 31 C Bases,13908086
POSITIONAL BASE CONTENT,Read2,ReadPos 32 C Bases,14113510
POSITIONAL BASE CONTENT,Read2,ReadPos 33 C Bases,14030574
POSITIONAL BASE CONTENT,Read2,ReadPos 34 C Bases,13929558
POSITIONAL BASE CONTENT,Read2,ReadPos 35 C Bases,14169423
POSITIONAL BASE CONTENT,Read2,ReadPos 36 C Bases,14037295
POSITIONAL BASE CONTENT,Read2,ReadPos 37 C Bases,14575963
POSITIONAL BASE CONTENT,Read2,ReadPos 38 C Bases,14312787
POSITIONAL BASE CONTENT,Read2,ReadPos 39 C Bases,14196259
POSITIONAL BASE CONTENT,Read2,ReadPos 40 C Bases,14120195
POSITIONAL BASE CONTENT,Read2,ReadPos 41 C Bases,14156604
POSITIONAL BASE CONTENT,Read2,ReadPos 42 C Bases,14381809
POSITIONAL BASE CONTENT,Read2,ReadPos 43 C Bases,14265691
POSITIONAL BASE CONTENT,Read2,ReadPos 44 C Bases,13922461
POSITIONAL BASE CONTENT,Read2,ReadPos 45 C Bases,13936161
POSITIONAL BASE CONTENT,Read2,ReadPos 46 C Bases,14063609
POSITIONAL BASE CONTENT,Read2,ReadPos 47 C Bases,14074527
POSITIONAL BASE CONTENT,Read2,ReadPos 48 C Bases,14224362
POSITIONAL BASE CONTENT,Read2,ReadPos 49 C Bases,14300914
POSITIONAL BASE CONTENT,Read2,ReadPos 50 C Bases,14132146
POSITIONAL BASE CONTENT,Read2,ReadPos 51 C Bases,14474697
POSITIONAL BASE CONTENT,Read2,ReadPos 52 C Bases,14258609
POSITIONAL BASE CONTENT,Read2,ReadPos 53 C Bases,14237860
POSITIONAL BASE CONTENT,Read2,ReadPos 54 C Bases,14543617
POSITIONAL BASE CONTENT,Read2,ReadPos 55 C Bases,14254912
POSITIONAL BASE CONTENT,Read2,ReadPos 56 C Bases,14264013
POSITIONAL BASE CONTENT,Read2,ReadPos 57 C Bases,14241814
POSITIONAL BASE CONTENT,Read2,ReadPos 58 C Bases,14371230
POSITIONAL BASE CONTENT,Read2,ReadPos 59 C Bases,14544183
POSITIONAL BASE CONTENT,Read2,ReadPos 60 C Bases,14388429
POSITIONAL BASE CONTENT,Read2,ReadPos 61 C Bases,14553307
POSITIONAL BASE CONTENT,Read2,ReadPos 62 C Bases,14292218
POSITIONAL BASE CONTENT,Read2,ReadPos 63 C Bases,14333362
POSITIONAL BASE CONTENT,Read2,ReadPos 64 C Bases,14239517
POSITIONAL BASE CONTENT,Read2,ReadPos 65 C Bases,14106711
POSITIONAL BASE CONTENT,Read2,ReadPos 66 C Bases,14313023
POSITIONAL BASE CONTENT,Read2,ReadPos 67 C Bases,14197056
POSITIONAL BASE CONTENT,Read2,ReadPos 68 C Bases,14130421
POSITIONAL BASE CONTENT,Read2,ReadPos 69 C Bases,14315570
POSITIONAL BASE CONTENT,Read2,ReadPos 70 C Bases,14284644
POSITIONAL BASE CONTENT,Read2,ReadPos 71 C Bases,14268352
POSITIONAL BASE CONTENT,Read2,ReadPos 72 C Bases,14187199
POSITIONAL BASE CONTENT,Read2,ReadPos 73 C Bases,14248071
POSITIONAL BASE CONTENT,Read2,ReadPos 74 C Bases,13900391
POSITIONAL BASE CONTENT,Read2,ReadPos 75 C Bases,14022912
POSITIONAL BASE CONTENT,Read2,ReadPos 76 C Bases,14032461
POSITIONAL BASE CONTENT,Read2,ReadPos 77 C Bases,13949301
POSITIONAL BASE CONTENT,Read2,ReadPos 78 C Bases,14070325
POSITIONAL BASE CONTENT,Read2,ReadPos 79 C Bases,14009520
POSITIONAL BASE CONTENT,Read2,ReadPos 80 C Bases,13833585
POSITIONAL BASE CONTENT,Read2,ReadPos 81 C Bases,13882789
POSITIONAL BASE CONTENT,Read2,ReadPos 82 C Bases,14059509
POSITIONAL BASE CONTENT,Read2,ReadPos 83 C Bases,14261644
POSITIONAL BASE CONTENT,Read2,ReadPos 84 C Bases,14239645
POSITIONAL BASE CONTENT,Read2,ReadPos 85 C Bases,14016199
POSITIONAL BASE CONTENT,Read2,ReadPos 86 C Bases,13963865
POSITIONAL BASE CONTENT,Read2,ReadPos 87 C Bases,13939283
POSITIONAL BASE CONTENT,Read2,ReadPos 88 C Bases,14037649
POSITIONAL BASE CONTENT,Read2,ReadPos 89 C Bases,13811542
POSITIONAL BASE CONTENT,Read2,ReadPos 90 C Bases,13970683
POSITIONAL BASE CONTENT,Read2,ReadPos 91 C Bases,13820369
POSITIONAL BASE CONTENT,Read2,ReadPos 92 C Bases,13503554
POSITIONAL BASE CONTENT,Read2,ReadPos 93 C Bases,13336045
POSITIONAL BASE CONTENT,Read2,ReadPos 94 C Bases,13515420
POSITIONAL BASE CONTENT,Read2,ReadPos 95 C Bases,13521738
POSITIONAL BASE CONTENT,Read2,ReadPos 96 C Bases,12952926
POSITIONAL BASE CONTENT,Read2,ReadPos 97 C Bases,13141908
POSITIONAL BASE CONTENT,Read2,ReadPos 98 C Bases,12921839
POSITIONAL BASE CONTENT,Read2,ReadPos 99 C Bases,12968820
POSITIONAL BASE CONTENT,Read2,ReadPos 100 C Bases,12840001
POSITIONAL BASE CONTENT,Read2,ReadPos 101 C Bases,12598001
POSITIONAL BASE CONTENT,Read2,ReadPos 1 G Bases,28118167
POSITIONAL BASE CONTENT,Read2,ReadPos 2 G Bases,19227932
POSITIONAL BASE CONTENT,Read2,ReadPos 3 G Bases,14697934
POSITIONAL BASE CONTENT,Read2,ReadPos 4 G Bases,15612220
POSITIONAL BASE CONTENT,Read2,ReadPos 5 G Bases,16997361
POSITIONAL BASE CONTENT,Read2,ReadPos 6 G Bases,15485093
POSITIONAL BASE CONTENT,Read2,ReadPos 7 G Bases,13793557
POSITIONAL BASE CONTENT,Read2,ReadPos 8 G Bases,13612513
POSITIONAL BASE CONTENT,Read2,ReadPos 9 G Bases,14190652
POSITIONAL BASE CONTENT,Read2,ReadPos 10 G Bases,15089394
POSITIONAL BASE CONTENT,Read2,ReadPos 11 G Bases,17655492
POSITIONAL BASE CONTENT,Read2,ReadPos 12 G Bases,16162808
POSITIONAL BASE CONTENT,Read2,ReadPos 13 G Bases,14791609
POSITIONAL BASE CONTENT,Read2,ReadPos 14 G Bases,15271035
POSITIONAL BASE CONTENT,Read2,ReadPos 15 G Bases,15287283
POSITIONAL BASE CONTENT,Read2,ReadPos 16 G Bases,15522818
POSITIONAL BASE CONTENT,Read2,ReadPos 17 G Bases,15204723
POSITIONAL BASE CONTENT,Read2,ReadPos 18 G Bases,15156651
POSITIONAL BASE CONTENT,Read2,ReadPos 19 G Bases,15651857
POSITIONAL BASE CONTENT,Read2,ReadPos 20 G Bases,15330979
POSITIONAL BASE CONTENT,Read2,ReadPos 21 G Bases,14940417
POSITIONAL BASE CONTENT,Read2,ReadPos 22 G Bases,14885626
POSITIONAL BASE CONTENT,Read2,ReadPos 23 G Bases,15371601
POSITIONAL BASE CONTENT,Read2,ReadPos 24 G Bases,15289548
POSITIONAL BASE CONTENT,Read2,ReadPos 25 G Bases,15218901
POSITIONAL BASE CONTENT,Read2,ReadPos 26 G Bases,14929232
POSITIONAL BASE CONTENT,Read2,ReadPos 27 G Bases,14856548
POSITIONAL BASE CONTENT,Read2,ReadPos 28 G Bases,14906814
POSITIONAL BASE CONTENT,Read2,ReadPos 29 G Bases,15193445
POSITIONAL BASE CONTENT,Read2,ReadPos 30 G Bases,14866542
POSITIONAL BASE CONTENT,Read2,ReadPos 31 G Bases,15174689
POSITIONAL BASE CONTENT,Read2,ReadPos 32 G Bases,15146903
POSITIONAL BASE CONTENT,Read2,ReadPos 33 G Bases,14802178
POSITIONAL BASE CONTENT,Read2,ReadPos 34 G Bases,15188291
POSITIONAL BASE CONTENT,Read2,ReadPos 35 G Bases,15062844
POSITIONAL BASE CONTENT,Read2,ReadPos 36 G Bases,15270991
POSITIONAL BASE CONTENT,Read2,ReadPos 37 G Bases,14769309
POSITIONAL BASE CONTENT,Read2,ReadPos 38 G Bases,14903524
POSITIONAL BASE CONTENT,Read2,ReadPos 39 G Bases,14629805
POSITIONAL BASE CONTENT,Read2,ReadPos 40 G Bases,14721438
POSITIONAL BASE CONTENT,Read2,ReadPos 41 G Bases,14756517
POSITIONAL BASE CONTENT,Read2,ReadPos 42 G Bases,14536848
POSITIONAL BASE CONTENT,Read2,ReadPos 43 G Bases,14827535
POSITIONAL BASE CONTENT,Read2,ReadPos 44 G Bases,14893600
POSITIONAL BASE CONTENT,Read2,ReadPos 45 G Bases,15092677
POSITIONAL BASE CONTENT,Read2,ReadPos 46 G Bases,14626808
POSITIONAL BASE CONTENT,Read2,ReadPos 47 G Bases,14604334
POSITIONAL BASE CONTENT,Read2,ReadPos 48 G Bases,14700610
POSITIONAL BASE CONTENT,Read2,ReadPos 49 G Bases,14690811
POSITIONAL BASE CONTENT,Read2,ReadPos 50 G Bases,14607593
POSITIONAL BASE CONTENT,Read2,ReadPos 51 G Bases,14242589
POSITIONAL BASE CONTENT,Read2,ReadPos 52 G Bases,14722735
POSITIONAL BASE CONTENT,Read2,ReadPos 53 G Bases,14679928
POSITIONAL BASE CONTENT,Read2,ReadPos 54 G Bases,14395161
POSITIONAL BASE CONTENT,Read2,ReadPos 55 G Bases,14492052
POSITIONAL BASE CONTENT,Read2,ReadPos 56 G Bases,14528385
POSITIONAL BASE CONTENT,Read2,ReadPos 57 G Bases,14238839
POSITIONAL BASE CONTENT,Read2,ReadPos 58 G Bases,14472107
POSITIONAL BASE CONTENT,Read2,ReadPos 59 G Bases,14336022
POSITIONAL BASE CONTENT,Read2,ReadPos 60 G Bases,14388085
POSITIONAL BASE CONTENT,Read2,ReadPos 61 G Bases,14431105
POSITIONAL BASE CONTENT,Read2,ReadPos 62 G Bases,14405469
POSITIONAL BASE CONTENT,Read2,ReadPos 63 G Bases,14582358
POSITIONAL BASE CONTENT,Read2,ReadPos 64 G Bases,14600130
POSITIONAL BASE CONTENT,Read2,ReadPos 65 G Bases,14534458
POSITIONAL BASE CONTENT,Read2,ReadPos 66 G Bases,14283353
POSITIONAL BASE CONTENT,Read2,ReadPos 67 G Bases,14519447
POSITIONAL BASE CONTENT,Read2,ReadPos 68 G Bases,14569012
POSITIONAL BASE CONTENT,Read2,ReadPos 69 G Bases,14098363
POSITIONAL BASE CONTENT,Read2,ReadPos 70 G Bases,14218860
POSITIONAL BASE CONTENT,Read2,ReadPos 71 G Bases,14100139
POSITIONAL BASE CONTENT,Read2,ReadPos 72 G Bases,14266453
POSITIONAL BASE CONTENT,Read2,ReadPos 73 G Bases,14607058
POSITIONAL BASE CONTENT,Read2,ReadPos 74 G Bases,14480482
POSITIONAL BASE CONTENT,Read2,ReadPos 75 G Bases,14209241
POSITIONAL BASE CONTENT,Read2,ReadPos 76 G Bases,14181028
POSITIONAL BASE CONTENT,Read2,ReadPos 77 G Bases,14323398
POSITIONAL BASE CONTENT,Read2,ReadPos 78 G Bases,13953305
POSITIONAL BASE CONTENT,Read2,ReadPos 79 G Bases,14187816
POSITIONAL BASE CONTENT,Read2,ReadPos 80 G Bases,14079579
POSITIONAL BASE CONTENT,Read2,ReadPos 81 G Bases,14091693
POSITIONAL BASE CONTENT,Read2,ReadPos 82 G Bases,13922472
POSITIONAL BASE CONTENT,Read2,ReadPos 83 G Bases,13929317
POSITIONAL BASE CONTENT,Read2,ReadPos 84 G Bases,13717685
POSITIONAL BASE CONTENT,Read2,ReadPos 85 G Bases,13882043
POSITIONAL BASE CONTENT,Read2,ReadPos 86 G Bases,13842988
POSITIONAL BASE CONTENT,Read2,ReadPos 87 G Bases,13359907
POSITIONAL BASE CONTENT,Read2,ReadPos 88 G Bases,13347796
POSITIONAL BASE CONTENT,Read2,ReadPos 89 G Bases,13549407
POSITIONAL BASE CONTENT,Read2,ReadPos 90 G Bases,13450609
POSITIONAL BASE CONTENT,Read2,ReadPos 91 G Bases,13402843
POSITIONAL BASE CONTENT,Read2,ReadPos 92 G Bases,13459122
POSITIONAL BASE CONTENT,Read2,ReadPos 93 G Bases,13476927
POSITIONAL BASE CONTENT,Read2,ReadPos 94 G Bases,13270182
POSITIONAL BASE CONTENT,Read2,ReadPos 95 G Bases,13091405
POSITIONAL BASE CONTENT,Read2,ReadPos 96 G Bases,13033051
POSITIONAL BASE CONTENT,Read2,ReadPos 97 G Bases,13202122
POSITIONAL BASE CONTENT,Read2,ReadPos 98 G Bases,12755172
POSITIONAL BASE CONTENT,Read2,ReadPos 99 G Bases,12415673
POSITIONAL BASE CONTENT,Read2,ReadPos 100 G Bases,11341218
POSITIONAL BASE CONTENT,Read2,ReadPos 101 G Bases,8440325
POSITIONAL BASE CONTENT,Read2,ReadPos 1 T Bases,3882414
POSITIONAL BASE CONTENT,Read2,ReadPos 2 T Bases,18525703
POSITIONAL BASE CONTENT,Read2,ReadPos 3 T Bases,19618983
POSITIONAL BASE CONTENT,Read2,ReadPos 4 T Bases,13995629
POSITIONAL BASE CONTENT,Read2,ReadPos 5 T Bases,12353758
POSITIONAL BASE CONTENT,Read2,ReadPos 6 T Bases,12316132
POSITIONAL BASE CONTENT,Read2,ReadPos 7 T Bases,22112578
POSITIONAL BASE CONTENT,Read2,ReadPos 8 T Bases,16615997
POSITIONAL BASE CONTENT,Read2,ReadPos 9 T Bases,17541808
POSITIONAL BASE CONTENT,Read2,ReadPos 10 T Bases,14403254
POSITIONAL BASE CONTENT,Read2,ReadPos 11 T Bases,13086384
POSITIONAL BASE CONTENT,Read2,ReadPos 12 T Bases,15938551
POSITIONAL BASE CONTENT,Read2,ReadPos 13 T Bases,16937926
POSITIONAL BASE CONTENT,Read2,ReadPos 14 T Bases,16650666
POSITIONAL BASE CONTENT,Read2,ReadPos 15 T Bases,16541551
POSITIONAL BASE CONTENT,Read2,ReadPos 16 T Bases,16224177
POSITIONAL BASE CONTENT,Read2,ReadPos 17 T Bases,15782087
POSITIONAL BASE CONTENT,Read2,ReadPos 18 T Bases,15873782
POSITIONAL BASE CONTENT,Read2,ReadPos 19 T Bases,15741739
POSITIONAL BASE CONTENT,Read2,ReadPos 20 T Bases,15733664
POSITIONAL BASE CONTENT,Read2,ReadPos 21 T Bases,15852622
POSITIONAL BASE CONTENT,Read2,ReadPos 22 T Bases,15993670
POSITIONAL BASE CONTENT,Read2,ReadPos 23 T Bases,15986538
POSITIONAL BASE CONTENT,Read2,ReadPos 24 T Bases,15931934
POSITIONAL BASE CONTENT,Read2,ReadPos 25 T Bases,16108084
POSITIONAL BASE CONTENT,Read2,ReadPos 26 T Bases,16228387
POSITIONAL BASE CONTENT,Read2,ReadPos 27 T Bases,16285130
POSITIONAL BASE CONTENT,Read2,ReadPos 28 T Bases,16440662
POSITIONAL BASE CONTENT,Read2,ReadPos 29 T Bases,16280140
POSITIONAL BASE CONTENT,Read2,ReadPos 30 T Bases,16116535
POSITIONAL BASE CONTENT,Read2,ReadPos 31 T Bases,15958945
POSITIONAL BASE CONTENT,Read2,ReadPos 32 T Bases,16190584
POSITIONAL BASE CONTENT,Read2,ReadPos 33 T Bases,16519927
POSITIONAL BASE CONTENT,Read2,ReadPos 34 T Bases,15953785
POSITIONAL BASE CONTENT,Read2,ReadPos 35 T Bases,16027637
POSITIONAL BASE CONTENT,Read2,ReadPos 36 T Bases,15972590
POSITIONAL BASE CONTENT,Read2,ReadPos 37 T Bases,16032685
POSITIONAL BASE CONTENT,Read2,ReadPos 38 T Bases,16208659
POSITIONAL BASE CONTENT,Read2,ReadPos 39 T Bases,16319694
POSITIONAL BASE CONTENT,Read2,ReadPos 40 T Bases,16107862
POSITIONAL BASE CONTENT,Read2,ReadPos 41 T Bases,16233782
POSITIONAL BASE CONTENT,Read2,ReadPos 42 T Bases,16310747
POSITIONAL BASE CONTENT,Read2,ReadPos 43 T Bases,16029988
POSITIONAL BASE CONTENT,Read2,ReadPos 44 T Bases,16166380
POSITIONAL BASE CONTENT,Read2,ReadPos 45 T Bases,16190720
POSITIONAL BASE CONTENT,Read2,ReadPos 46 T Bases,16513646
POSITIONAL BASE CONTENT,Read2,ReadPos 47 T Bases,16342976
POSITIONAL BASE CONTENT,Read2,ReadPos 48 T Bases,16206075
POSITIONAL BASE CONTENT,Read2,ReadPos 49 T Bases,15977180
POSITIONAL BASE CONTENT,Read2,ReadPos 50 T Bases,16248925
POSITIONAL BASE CONTENT,Read2,ReadPos 51 T Bases,16414248
POSITIONAL BASE CONTENT,Read2,ReadPos 52 T Bases,16085603
POSITIONAL BASE CONTENT,Read2,ReadPos 53 T Bases,16059985
POSITIONAL BASE CONTENT,Read2,ReadPos 54 T Bases,16061503
POSITIONAL BASE CONTENT,Read2,ReadPos 55 T Bases,16233347
POSITIONAL BASE CONTENT,Read2,ReadPos 56 T Bases,16163407
POSITIONAL BASE CONTENT,Read2,ReadPos 57 T Bases,16535827
POSITIONAL BASE CONTENT,Read2,ReadPos 58 T Bases,15996986
POSITIONAL BASE CONTENT,Read2,ReadPos 59 T Bases,16262558
POSITIONAL BASE CONTENT,Read2,ReadPos 60 T Bases,16246542
POSITIONAL BASE CONTENT,Read2,ReadPos 61 T Bases,16037536
POSITIONAL BASE CONTENT,Read2,ReadPos 62 T Bases,16112702
POSITIONAL BASE CONTENT,Read2,ReadPos 63 T Bases,15935155
POSITIONAL BASE CONTENT,Read2,ReadPos 64 T Bases,16100211
POSITIONAL BASE CONTENT,Read2,ReadPos 65 T Bases,16035942
POSITIONAL BASE CONTENT,Read2,ReadPos 66 T Bases,16063598
POSITIONAL BASE CONTENT,Read2,ReadPos 67 T Bases,16080667
POSITIONAL BASE CONTENT,Read2,ReadPos 68 T Bases,16023026
POSITIONAL BASE CONTENT,Read2,ReadPos 69 T Bases,16201231
POSITIONAL BASE CONTENT,Read2,ReadPos 70 T Bases,16198463
POSITIONAL BASE CONTENT,Read2,ReadPos 71 T Bases,16160189
POSITIONAL BASE CONTENT,Read2,ReadPos 72 T Bases,16002219
POSITIONAL BASE CONTENT,Read2,ReadPos 73 T Bases,15603183
POSITIONAL BASE CONTENT,Read2,ReadPos 74 T Bases,15654720
POSITIONAL BASE CONTENT,Read2,ReadPos 75 T Bases,15985920
POSITIONAL BASE CONTENT,Read2,ReadPos 76 T Bases,15795892
POSITIONAL BASE CONTENT,Read2,ReadPos 77 T Bases,15754287
POSITIONAL BASE CONTENT,Read2,ReadPos 78 T Bases,16006350
POSITIONAL BASE CONTENT,Read2,ReadPos 79 T Bases,15492691
POSITIONAL BASE CONTENT,Read2,ReadPos 80 T Bases,15800256
POSITIONAL BASE CONTENT,Read2,ReadPos 81 T Bases,15799565
POSITIONAL BASE CONTENT,Read2,ReadPos 82 T Bases,15592959
POSITIONAL BASE CONTENT,Read2,ReadPos 83 T Bases,15450684
POSITIONAL BASE CONTENT,Read2,ReadPos 84 T Bases,15346936
POSITIONAL BASE CONTENT,Read2,ReadPos 85 T Bases,15186714
POSITIONAL BASE CONTENT,Read2,ReadPos 86 T Bases,15073299
POSITIONAL BASE CONTENT,Read2,ReadPos 87 T Bases,15171042
POSITIONAL BASE CONTENT,Read2,ReadPos 88 T Bases,14935967
POSITIONAL BASE CONTENT,Read2,ReadPos 89 T Bases,14925358
POSITIONAL BASE CONTENT,Read2,ReadPos 90 T Bases,14842722
POSITIONAL BASE CONTENT,Read2,ReadPos 91 T Bases,14903476
POSITIONAL BASE CONTENT,Read2,ReadPos 92 T Bases,14560336
POSITIONAL BASE CONTENT,Read2,ReadPos 93 T Bases,14484905
POSITIONAL BASE CONTENT,Read2,ReadPos 94 T Bases,14411817
POSITIONAL BASE CONTENT,Read2,ReadPos 95 T Bases,14116010
POSITIONAL BASE CONTENT,Read2,ReadPos 96 T Bases,14372164
POSITIONAL BASE CONTENT,Read2,ReadPos 97 T Bases,13725876
POSITIONAL BASE CONTENT,Read2,ReadPos 98 T Bases,13856529
POSITIONAL BASE CONTENT,Read2,ReadPos 99 T Bases,13729864
POSITIONAL BASE CONTENT,Read2,ReadPos 100 T Bases,13481959
POSITIONAL BASE CONTENT,Read2,ReadPos 101 T Bases,13261016
POSITIONAL BASE CONTENT,Read2,ReadPos 1 N Bases,63192
POSITIONAL BASE CONTENT,Read2,ReadPos 2 N Bases,18875
POSITIONAL BASE CONTENT,Read2,ReadPos 3 N Bases,3802
POSITIONAL BASE CONTENT,Read2,ReadPos 4 N Bases,3235
POSITIONAL BASE CONTENT,Read2,ReadPos 5 N Bases,2823
POSITIONAL BASE CONTENT,Read2,ReadPos 6 N Bases,2729
POSITIONAL BASE CONTENT,Read2,ReadPos 7 N Bases,2612
POSITIONAL BASE CONTENT,Read2,ReadPos 8 N Bases,4301
POSITIONAL BASE CONTENT,Read2,ReadPos 9 N Bases,3327
POSITIONAL BASE CONTENT,Read2,ReadPos 10 N Bases,4326
POSITIONAL BASE CONTENT,Read2,ReadPos 11 N Bases,2579
POSITIONAL BASE CONTENT,Read2,ReadPos 12 N Bases,3790
POSITIONAL BASE CONTENT,Read2,ReadPos 13 N Bases,2851
POSITIONAL BASE CONTENT,Read2,ReadPos 14 N Bases,4038
POSITIONAL BASE CONTENT,Read2,ReadPos 15 N Bases,2153
POSITIONAL BASE CONTENT,Read2,ReadPos 16 N Bases,4038
POSITIONAL BASE CONTENT,Read2,ReadPos 17 N Bases,2592
POSITIONAL BASE CONTENT,Read2,ReadPos 18 N Bases,3361
POSITIONAL BASE CONTENT,Read2,ReadPos 19 N Bases,2671
POSITIONAL BASE CONTENT,Read2,ReadPos 20 N Bases,3097
POSITIONAL BASE CONTENT,Read2,ReadPos 21 N Bases,3016
POSITIONAL BASE CONTENT,Read2,ReadPos 22 N Bases,2154
POSITIONAL BASE CONTENT,Read2,ReadPos 23 N Bases,3509
POSITIONAL BASE CONTENT,Read2,ReadPos 24 N Bases,5343
POSITIONAL BASE CONTENT,Read2,ReadPos 25 N Bases,3598
POSITIONAL BASE CONTENT,Read2,ReadPos 26 N Bases,5167
POSITIONAL BASE CONTENT,Read2,ReadPos 27 N Bases,4452
POSITIONAL BASE CONTENT,Read2,ReadPos 28 N Bases,5361
POSITIONAL BASE CONTENT,Read2,ReadPos 29 N Bases,3402
POSITIONAL BASE CONTENT,Read2,ReadPos 30 N Bases,4951
POSITIONAL BASE CONTENT,Read2,ReadPos 31 N Bases,3999
POSITIONAL BASE CONTENT,Read2,ReadPos 32 N Bases,5096
POSITIONAL BASE CONTENT,Read2,ReadPos 33 N Bases,4836
POSITIONAL BASE CONTENT,Read2,ReadPos 34 N Bases,5493
POSITIONAL BASE CONTENT,Read2,ReadPos 35 N Bases,5923
POSITIONAL BASE CONTENT,Read2,ReadPos 36 N Bases,1299
POSITIONAL BASE CONTENT,Read2,ReadPos 37 N Bases,443
POSITIONAL BASE CONTENT,Read2,ReadPos 38 N Bases,1250
POSITIONAL BASE CONTENT,Read2,ReadPos 39 N Bases,952
POSITIONAL BASE CONTENT,Read2,ReadPos 40 N Bases,1264
POSITIONAL BASE CONTENT,Read2,ReadPos 41 N Bases,427
POSITIONAL BASE CONTENT,Read2,ReadPos 42 N Bases,1064
POSITIONAL BASE CONTENT,Read2,ReadPos 43 N Bases,752
POSITIONAL BASE CONTENT,Read2,ReadPos 44 N Bases,1752
POSITIONAL BASE CONTENT,Read2,ReadPos 45 N Bases,762
POSITIONAL BASE CONTENT,Read2,ReadPos 46 N Bases,1713
POSITIONAL BASE CONTENT,Read2,ReadPos 47 N Bases,997
POSITIONAL BASE CONTENT,Read2,ReadPos 48 N Bases,1495
POSITIONAL BASE CONTENT,Read2,ReadPos 49 N Bases,983
POSITIONAL BASE CONTENT,Read2,ReadPos 50 N Bases,2280
POSITIONAL BASE CONTENT,Read2,ReadPos 51 N Bases,872
POSITIONAL BASE CONTENT,Read2,ReadPos 52 N Bases,1827
POSITIONAL BASE CONTENT,Read2,ReadPos 53 N Bases,913
POSITIONAL BASE CONTENT,Read2,ReadPos 54 N Bases,1940
POSITIONAL BASE CONTENT,Read2,ReadPos 55 N Bases,725
POSITIONAL BASE CONTENT,Read2,ReadPos 56 N Bases,1878
POSITIONAL BASE CONTENT,Read2,ReadPos 57 N Bases,1576
POSITIONAL BASE CONTENT,Read2,ReadPos 58 N Bases,1038
POSITIONAL BASE CONTENT,Read2,ReadPos 59 N Bases,590
POSITIONAL BASE CONTENT,Read2,ReadPos 60 N Bases,835
POSITIONAL BASE CONTENT,Read2,ReadPos 61 N Bases,1269
POSITIONAL BASE CONTENT,Read2,ReadPos 62 N Bases,784
POSITIONAL BASE CONTENT,Read2,ReadPos 63 N Bases,1176
POSITIONAL BASE CONTENT,Read2,ReadPos 64 N Bases,2111
POSITIONAL BASE CONTENT,Read2,ReadPos 65 N Bases,1397
POSITIONAL BASE CONTENT,Read2,ReadPos 66 N Bases,1996
POSITIONAL BASE CONTENT,Read2,ReadPos 67 N Bases,2180
POSITIONAL BASE CONTENT,Read2,ReadPos 68 N Bases,1553
POSITIONAL BASE CONTENT,Read2,ReadPos 69 N Bases,1364
POSITIONAL BASE CONTENT,Read2,ReadPos 70 N Bases,861
POSITIONAL BASE CONTENT,Read2,ReadPos 71 N Bases,1640
POSITIONAL BASE CONTENT,Read2,ReadPos 72 N Bases,2254
POSITIONAL BASE CONTENT,Read2,ReadPos 73 N Bases,1924
POSITIONAL BASE CONTENT,Read2,ReadPos 74 N Bases,1658
POSITIONAL BASE CONTENT,Read2,ReadPos 75 N Bases,2173
POSITIONAL BASE CONTENT,Read2,ReadPos 76 N Bases,1207
POSITIONAL BASE CONTENT,Read2,ReadPos 77 N Bases,839
POSITIONAL BASE CONTENT,Read2,ReadPos 78 N Bases,825
POSITIONAL BASE CONTENT,Read2,ReadPos 79 N Bases,658
POSITIONAL BASE CONTENT,Read2,ReadPos 80 N Bases,1068
POSITIONAL BASE CONTENT,Read2,ReadPos 81 N Bases,491
POSITIONAL BASE CONTENT,Read2,ReadPos 82 N Bases,1065
POSITIONAL BASE CONTENT,Read2,ReadPos 83 N Bases,475
POSITIONAL BASE CONTENT,Read2,ReadPos 84 N Bases,1028
POSITIONAL BASE CONTENT,Read2,ReadPos 85 N Bases,465
POSITIONAL BASE CONTENT,Read2,ReadPos 86 N Bases,677
POSITIONAL BASE CONTENT,Read2,ReadPos 87 N Bases,478
POSITIONAL BASE CONTENT,Read2,ReadPos 88 N Bases,594
POSITIONAL BASE CONTENT,Read2,ReadPos 89 N Bases,788
POSITIONAL BASE CONTENT,Read2,ReadPos 90 N Bases,647
POSITIONAL BASE CONTENT,Read2,ReadPos 91 N Bases,666
POSITIONAL BASE CONTENT,Read2,ReadPos 92 N Bases,1396
POSITIONAL BASE CONTENT,Read2,ReadPos 93 N Bases,857
POSITIONAL BASE CONTENT,Read2,ReadPos 94 N Bases,1047
POSITIONAL BASE CONTENT,Read2,ReadPos 95 N Bases,931
POSITIONAL BASE CONTENT,Read2,ReadPos 96 N Bases,1329
POSITIONAL BASE CONTENT,Read2,ReadPos 97 N Bases,701
POSITIONAL BASE CONTENT,Read2,ReadPos 98 N Bases,931
POSITIONAL BASE CONTENT,Read2,ReadPos 99 N Bases,529
POSITIONAL BASE CONTENT,Read2,ReadPos 100 N Bases,628
POSITIONAL BASE CONTENT,Read2,ReadPos 101 N Bases,348
READ LENGTHS,Read2,35bp Length Reads,5566
READ LENGTHS,Read2,36bp Length Reads,687
READ LENGTHS,Read2,37bp Length Reads,815
READ LENGTHS,Read2,38bp Length Reads,1059
READ LENGTHS,Read2,39bp Length Reads,1240
READ LENGTHS,Read2,40bp Length Reads,1653
READ LENGTHS,Read2,41bp Length Reads,2100
READ LENGTHS,Read2,42bp Length Reads,2198
READ LENGTHS,Read2,43bp Length Reads,2287
READ LENGTHS,Read2,44bp Length Reads,2404
READ LENGTHS,Read2,45bp Length Reads,2582
READ LENGTHS,Read2,46bp Length Reads,3010
READ LENGTHS,Read2,47bp Length Reads,3785
READ LENGTHS,Read2,48bp Length Reads,4240
READ LENGTHS,Read2,49bp Length Reads,5020
READ LENGTHS,Read2,50bp Length Reads,6237
READ LENGTHS,Read2,51bp Length Reads,7121
READ LENGTHS,Read2,52bp Length Reads,7895
READ LENGTHS,Read2,53bp Length Reads,8274
READ LENGTHS,Read2,54bp Length Reads,9074
READ LENGTHS,Read2,55bp Length Reads,9867
READ LENGTHS,Read2,56bp Length Reads,10937
READ LENGTHS,Read2,57bp Length Reads,12142
READ LENGTHS,Read2,58bp Length Reads,14098
READ LENGTHS,Read2,59bp Length Reads,17305
READ LENGTHS,Read2,60bp Length Reads,19669
READ LENGTHS,Read2,61bp Length Reads,22599
READ LENGTHS,Read2,62bp Length Reads,25970
READ LENGTHS,Read2,63bp Length Reads,27901
READ LENGTHS,Read2,64bp Length Reads,30884
READ LENGTHS,Read2,65bp Length Reads,32676
READ LENGTHS,Read2,66bp Length Reads,36047
READ LENGTHS,Read2,67bp Length Reads,39341
READ LENGTHS,Read2,68bp Length Reads,43631
READ LENGTHS,Read2,69bp Length Reads,47341
READ LENGTHS,Read2,70bp Length Reads,55821
READ LENGTHS,Read2,71bp Length Reads,64958
READ LENGTHS,Read2,72bp Length Reads,72098
READ LENGTHS,Read2,73bp Length Reads,80133
READ LENGTHS,Read2,74bp Length Reads,88270
READ LENGTHS,Read2,75bp Length Reads,95451
READ LENGTHS,Read2,76bp Length Reads,98666
READ LENGTHS,Read2,77bp Length Reads,104968
READ LENGTHS,Read2,78bp Length Reads,114205
READ LENGTHS,Read2,79bp Length Reads,128357
READ LENGTHS,Read2,80bp Length Reads,142644
READ LENGTHS,Read2,81bp Length Reads,161352
READ LENGTHS,Read2,82bp Length Reads,180677
READ LENGTHS,Read2,83bp Length Reads,199936
READ LENGTHS,Read2,84bp Length Reads,219018
READ LENGTHS,Read2,85bp Length Reads,224286
READ LENGTHS,Read2,86bp Length Reads,236236
READ LENGTHS,Read2,87bp Length Reads,246461
READ LENGTHS,Read2,88bp Length Reads,262956
READ LENGTHS,Read2,89bp Length Reads,283451
READ LENGTHS,Read2,90bp Length Reads,311231
READ LENGTHS,Read2,91bp Length Reads,343405
READ LENGTHS,Read2,92bp Length Reads,366502
READ LENGTHS,Read2,93bp Length Reads,407056
READ LENGTHS,Read2,94bp Length Reads,424918
READ LENGTHS,Read2,95bp Length Reads,444768
READ LENGTHS,Read2,96bp Length Reads,488718
READ LENGTHS,Read2,97bp Length Reads,672354
READ LENGTHS,Read2,98bp Length Reads,1678213
READ LENGTHS,Read2,99bp Length Reads,4302507
READ LENGTHS,Read2,100bp Length Reads,14254083
READ LENGTHS,Read2,101bp Length Reads,34299690
READ GC CONTENT,Read2,0% GC Reads,242009038
READ GC CONTENT,Read2,1% GC Reads,232948969
READ GC CONTENT,Read2,2% GC Reads,438339333
READ GC CONTENT,Read2,3% GC Reads,658816414
READ GC CONTENT,Read2,4% GC Reads,842200611
READ GC CONTENT,Read2,5% GC Reads,1040787790
READ GC CONTENT,Read2,6% GC Reads,1288714123
READ GC CONTENT,Read2,7% GC Reads,1552546598
READ GC CONTENT,Read2,8% GC Reads,1755625154
READ GC CONTENT,Read2,9% GC Reads,1976464405
READ GC CONTENT,Read2,10% GC Reads,2181733425
READ GC CONTENT,Read2,11% GC Reads,2339579267
READ GC CONTENT,Read2,12% GC Reads,2474674557
READ GC CONTENT,Read2,13% GC Reads,2600047874
READ GC CONTENT,Read2,14% GC Reads,2687139679
READ GC CONTENT,Read2,15% GC Reads,2789485846
READ GC CONTENT,Read2,16% GC Reads,2847840643
READ GC CONTENT,Read2,17% GC Reads,2966495216
READ GC CONTENT,Read2,18% GC Reads,3199849548
READ GC CONTENT,Read2,19% GC Reads,3595738291
READ GC CONTENT,Read2,20% GC Reads,4352889042
READ GC CONTENT,Read2,21% GC Reads,5571945728
READ GC CONTENT,Read2,22% GC Reads,7480211923
READ GC CONTENT,Read2,23% GC Reads,10292150494
READ GC CONTENT,Read2,24% GC Reads,14026283598
READ GC CONTENT,Read2,25% GC Reads,19013862512
READ GC CONTENT,Read2,26% GC Reads,25269451230
READ GC CONTENT,Read2,27% GC Reads,32512279429
READ GC CONTENT,Read2,28% GC Reads,40513393613
READ GC CONTENT,Read2,29% GC Reads,48956055014
READ GC CONTENT,Read2,30% GC Reads,57318423559
READ GC CONTENT,Read2,31% GC Reads,65677456759
READ GC CONTENT,Read2,32% GC Reads,73761553948
READ GC CONTENT,Read2,33% GC Reads,81401393594
READ GC CONTENT,Read2,34% GC Reads,88417562331
READ GC CONTENT,Read2,35% GC Reads,95252784174
READ GC CONTENT,Read2,36% GC Reads,102000463024
READ GC CONTENT,Read2,37% GC Reads,106809890832
READ GC CONTENT,Read2,38% GC Reads,109932805585
READ GC CONTENT,Read2,39% GC Reads,112703032818
READ GC CONTENT,Read2,40% GC Reads,115560419514
READ GC CONTENT,Read2,41% GC Reads,116519497161
READ GC CONTENT,Read2,42% GC Reads,117375151653
READ GC CONTENT,Read2,43% GC Reads,118232160500
READ GC CONTENT,Read2,44% GC Reads,118758823322
READ GC CONTENT,Read2,45% GC Reads,118494587815
READ GC CONTENT,Read2,46% GC Reads,116185748844
READ GC CONTENT,Read2,47% GC Reads,113542546681
READ GC CONTENT,Read2,48% GC Reads,112939352658
READ GC CONTENT,Read2,49% GC Reads,111257537028
READ GC CONTENT,Read2,50% GC Reads,109180280751
READ GC CONTENT,Read2,51% GC Reads,108431017108
READ GC CONTENT,Read2,52% GC Reads,106251533565
READ GC CONTENT,Read2,53% GC Reads,104005053542
READ GC CONTENT,Read2,54% GC Reads,106263851357
READ GC CONTENT,Read2,55% GC Reads,103104476705
READ GC CONTENT,Read2,56% GC Reads,93608124760
READ GC CONTENT,Read2,57% GC Reads,90490466549
READ GC CONTENT,Read2,58% GC Reads,87792731392
READ GC CONTENT,Read2,59% GC Reads,89261946454
READ GC CONTENT,Read2,60% GC Reads,90902604780
READ GC CONTENT,Read2,61% GC Reads,111211939345
READ GC CONTENT,Read2,62% GC Reads,97489921353
READ GC CONTENT,Read2,63% GC Reads,84996497596
READ GC CONTENT,Read2,64% GC Reads,74498072224
READ GC CONTENT,Read2,65% GC Reads,53319738102
READ GC CONTENT,Read2,66% GC Reads,43242097760
READ GC CONTENT,Read2,67% GC Reads,34058120002
READ GC CONTENT,Read2,68% GC Reads,29035291101
READ GC CONTENT,Read2,69% GC Reads,24744334429
READ GC CONTENT,Read2,70% GC Reads,17885831937
READ GC CONTENT,Read2,71% GC Reads,13219407332
READ GC CONTENT,Read2,72% GC Reads,10511186019
READ GC CONTENT,Read2,73% GC Reads,8273266977
READ GC CONTENT,Read2,74% GC Reads,6231325114
READ GC CONTENT,Read2,75% GC Reads,5610076795
READ GC CONTENT,Read2,76% GC Reads,5561477032
READ GC CONTENT,Read2,77% GC Reads,4869885849
READ GC CONTENT,Read2,78% GC Reads,4331888382
READ GC CONTENT,Read2,79% GC Reads,2993824503
READ GC CONTENT,Read2,80% GC Reads,2184381297
READ GC CONTENT,Read2,81% GC Reads,1784333690
READ GC CONTENT,Read2,82% GC Reads,1422705752
READ GC CONTENT,Read2,83% GC Reads,1206042225
READ GC CONTENT,Read2,84% GC Reads,1151683618
READ GC CONTENT,Read2,85% GC Reads,1205895170
READ GC CONTENT,Read2,86% GC Reads,1185846182
READ GC CONTENT,Read2,87% GC Reads,969480667
READ GC CONTENT,Read2,88% GC Reads,818637162
READ GC CONTENT,Read2,89% GC Reads,789806508
READ GC CONTENT,Read2,90% GC Reads,775573751
READ GC CONTENT,Read2,91% GC Reads,764051961
READ GC CONTENT,Read2,92% GC Reads,759087601
READ GC CONTENT,Read2,93% GC Reads,749155605
READ GC CONTENT,Read2,94% GC Reads,742785249
READ GC CONTENT,Read2,95% GC Reads,740788525
READ GC CONTENT,Read2,96% GC Reads,776465734
READ GC CONTENT,Read2,97% GC Reads,837370616
READ GC CONTENT,Read2,98% GC Reads,957014422
READ GC CONTENT,Read2,99% GC Reads,1288689904
READ GC CONTENT,Read2,100% GC Reads,6304482078
READ GC CONTENT QUALITY,Read2,0% GC Reads Average Quality,30.88
READ GC CONTENT QUALITY,Read2,1% GC Reads Average Quality,28.03
READ GC CONTENT QUALITY,Read2,2% GC Reads Average Quality,27.38
READ GC CONTENT QUALITY,Read2,3% GC Reads Average Quality,27.12
READ GC CONTENT QUALITY,Read2,4% GC Reads Average Quality,26.84
READ GC CONTENT QUALITY,Read2,5% GC Reads Average Quality,26.47
READ GC CONTENT QUALITY,Read2,6% GC Reads Average Quality,26.26
READ GC CONTENT QUALITY,Read2,7% GC Reads Average Quality,26.03
READ GC CONTENT QUALITY,Read2,8% GC Reads Average Quality,25.69
READ GC CONTENT QUALITY,Read2,9% GC Reads Average Quality,25.38
READ GC CONTENT QUALITY,Read2,10% GC Reads Average Quality,25.08
READ GC CONTENT QUALITY,Read2,11% GC Reads Average Quality,24.76
READ GC CONTENT QUALITY,Read2,12% GC Reads Average Quality,24.39
READ GC CONTENT QUALITY,Read2,13% GC Reads Average Quality,24.10
READ GC CONTENT QUALITY,Read2,14% GC Reads Average Quality,23.81
READ GC CONTENT QUALITY,Read2,15% GC Reads Average Quality,23.69
READ GC CONTENT QUALITY,Read2,16% GC Reads Average Quality,23.68
READ GC CONTENT QUALITY,Read2,17% GC Reads Average Quality,23.93
READ GC CONTENT QUALITY,Read2,18% GC Reads Average Quality,24.67
READ GC CONTENT QUALITY,Read2,19% GC Reads Average Quality,25.88
READ GC CONTENT QUALITY,Read2,20% GC Reads Average Quality,27.57
READ GC CONTENT QUALITY,Read2,21% GC Reads Average Quality,29.50
READ GC CONTENT QUALITY,Read2,22% GC Reads Average Quality,31.24
READ GC CONTENT QUALITY,Read2,23% GC Reads Average Quality,32.59
READ GC CONTENT QUALITY,Read2,24% GC Reads Average Quality,33.58
READ GC CONTENT QUALITY,Read2,25% GC Reads Average Quality,34.32
READ GC CONTENT QUALITY,Read2,26% GC Reads Average Quality,34.85
READ GC CONTENT QUALITY,Read2,27% GC Reads Average Quality,35.23
READ GC CONTENT QUALITY,Read2,28% GC Reads Average Quality,35.46
READ GC CONTENT QUALITY,Read2,29% GC Reads Average Quality,35.63
READ GC CONTENT QUALITY,Read2,30% GC Reads Average Quality,35.77
READ GC CONTENT QUALITY,Read2,31% GC Reads Average Quality,35.87
READ GC CONTENT QUALITY,Read2,32% GC Reads Average Quality,35.95
READ GC CONTENT QUALITY,Read2,33% GC Reads Average Quality,36.01
READ GC CONTENT QUALITY,Read2,34% GC Reads Average Quality,36.06
READ GC CONTENT QUALITY,Read2,35% GC Reads Average Quality,36.10
READ GC CONTENT QUALITY,Read2,36% GC Reads Average Quality,36.14
READ GC CONTENT QUALITY,Read2,37% GC Reads Average Quality,36.16
READ GC CONTENT QUALITY,Read2,38% GC Reads Average Quality,36.18
READ GC CONTENT QUALITY,Read2,39% GC Reads Average Quality,36.19
READ GC CONTENT QUALITY,Read2,40% GC Reads Average Quality,36.21
READ GC CONTENT QUALITY,Read2,41% GC Reads Average Quality,36.22
READ GC CONTENT QUALITY,Read2,42% GC Reads Average Quality,36.23
READ GC CONTENT QUALITY,Read2,43% GC Reads Average Quality,36.23
READ GC CONTENT QUALITY,Read2,44% GC Reads Average Quality,36.25
READ GC CONTENT QUALITY,Read2,45% GC Reads Average Quality,36.26
READ GC CONTENT QUALITY,Read2,46% GC Reads Average Quality,36.26
READ GC CONTENT QUALITY,Read2,47% GC Reads Average Quality,36.26
READ GC CONTENT QUALITY,Read2,48% GC Reads Average Quality,36.27
READ GC CONTENT QUALITY,Read2,49% GC Reads Average Quality,36.28
READ GC CONTENT QUALITY,Read2,50% GC Reads Average Quality,36.29
READ GC CONTENT QUALITY,Read2,51% GC Reads Average Quality,36.30
READ GC CONTENT QUALITY,Read2,52% GC Reads Average Quality,36.30
READ GC CONTENT QUALITY,Read2,53% GC Reads Average Quality,36.31
READ GC CONTENT QUALITY,Read2,54% GC Reads Average Quality,36.34
READ GC CONTENT QUALITY,Read2,55% GC Reads Average Quality,36.34
READ GC CONTENT QUALITY,Read2,56% GC Reads Average Quality,36.33
READ GC CONTENT QUALITY,Read2,57% GC Reads Average Quality,36.33
READ GC CONTENT QUALITY,Read2,58% GC Reads Average Quality,36.33
READ GC CONTENT QUALITY,Read2,59% GC Reads Average Quality,36.35
READ GC CONTENT QUALITY,Read2,60% GC Reads Average Quality,36.38
READ GC CONTENT QUALITY,Read2,61% GC Reads Average Quality,36.48
READ GC CONTENT QUALITY,Read2,62% GC Reads Average Quality,36.45
READ GC CONTENT QUALITY,Read2,63% GC Reads Average Quality,36.41
READ GC CONTENT QUALITY,Read2,64% GC Reads Average Quality,36.37
READ GC CONTENT QUALITY,Read2,65% GC Reads Average Quality,36.21
READ GC CONTENT QUALITY,Read2,66% GC Reads Average Quality,36.13
READ GC CONTENT QUALITY,Read2,67% GC Reads Average Quality,36.01
READ GC CONTENT QUALITY,Read2,68% GC Reads Average Quality,35.91
READ GC CONTENT QUALITY,Read2,69% GC Reads Average Quality,35.80
READ GC CONTENT QUALITY,Read2,70% GC Reads Average Quality,35.46
READ GC CONTENT QUALITY,Read2,71% GC Reads Average Quality,35.07
READ GC CONTENT QUALITY,Read2,72% GC Reads Average Quality,34.71
READ GC CONTENT QUALITY,Read2,73% GC Reads Average Quality,34.20
READ GC CONTENT QUALITY,Read2,74% GC Reads Average Quality,33.46
READ GC CONTENT QUALITY,Read2,75% GC Reads Average Quality,33.17
READ GC CONTENT QUALITY,Read2,76% GC Reads Average Quality,33.24
READ GC CONTENT QUALITY,Read2,77% GC Reads Average Quality,32.74
READ GC CONTENT QUALITY,Read2,78% GC Reads Average Quality,32.32
READ GC CONTENT QUALITY,Read2,79% GC Reads Average Quality,30.49
READ GC CONTENT QUALITY,Read2,80% GC Reads Average Quality,28.36
READ GC CONTENT QUALITY,Read2,81% GC Reads Average Quality,26.65
READ GC CONTENT QUALITY,Read2,82% GC Reads Average Quality,24.30
READ GC CONTENT QUALITY,Read2,83% GC Reads Average Quality,22.43
READ GC CONTENT QUALITY,Read2,84% GC Reads Average Quality,21.88
READ GC CONTENT QUALITY,Read2,85% GC Reads Average Quality,22.87
READ GC CONTENT QUALITY,Read2,86% GC Reads Average Quality,22.91
READ GC CONTENT QUALITY,Read2,87% GC Reads Average Quality,20.24
READ GC CONTENT QUALITY,Read2,88% GC Reads Average Quality,17.68
READ GC CONTENT QUALITY,Read2,89% GC Reads Average Quality,17.42
READ GC CONTENT QUALITY,Read2,90% GC Reads Average Quality,17.51
READ GC CONTENT QUALITY,Read2,91% GC Reads Average Quality,17.67
READ GC CONTENT QUALITY,Read2,92% GC Reads Average Quality,17.93
READ GC CONTENT QUALITY,Read2,93% GC Reads Average Quality,18.23
READ GC CONTENT QUALITY,Read2,94% GC Reads Average Quality,18.64
READ GC CONTENT QUALITY,Read2,95% GC Reads Average Quality,19.16
READ GC CONTENT QUALITY,Read2,96% GC Reads Average Quality,19.78
READ GC CONTENT QUALITY,Read2,97% GC Reads Average Quality,20.48
READ GC CONTENT QUALITY,Read2,98% GC Reads Average Quality,21.61
READ GC CONTENT QUALITY,Read2,99% GC Reads Average Quality,23.52
READ GC CONTENT QUALITY,Read2,100% GC Reads Average Quality,31.53
SEQUENCE POSITIONS,Read2,'AGATCGGAAGAG' 4bp Starts,5
SEQUENCE POSITIONS,Read2,'AGATCGGAAGAG' 11bp Starts,1
SEQUENCE POSITIONS,Read2,'AGATCGGAAGAG' 18bp Starts,1
SEQUENCE POSITIONS,Read2,'AGATCGGAAGAG' 21bp Starts,2
SEQUENCE POSITIONS,Read2,'AGATCGGAAGAG' 23bp Starts,5
SEQUENCE POSITIONS,Read2,'AGATCGGAAGAG' 25bp Starts,1
SEQUENCE POSITIONS,Read2,'AGATCGGAAGAG' 26bp Starts,2
SEQUENCE POSITIONS,Read2,'AGATCGGAAGAG' 28bp Starts,4
SEQUENCE POSITIONS,Read2,'AGATCGGAAGAG' 29bp Starts,1
SEQUENCE POSITIONS,Read2,'AGATCGGAAGAG' 30bp Starts,5
SEQUENCE POSITIONS,Read2,'AGATCGGAAGAG' 31bp Starts,4
SEQUENCE POSITIONS,Read2,'AGATCGGAAGAG' 32bp Starts,5
SEQUENCE POSITIONS,Read2,'AGATCGGAAGAG' 33bp Starts,7
SEQUENCE POSITIONS,Read2,'AGATCGGAAGAG' 34bp Starts,7
SEQUENCE POSITIONS,Read2,'AGATCGGAAGAG' 35bp Starts,4
SEQUENCE POSITIONS,Read2,'AGATCGGAAGAG' 36bp Starts,11
SEQUENCE POSITIONS,Read2,'AGATCGGAAGAG' 37bp Starts,9
SEQUENCE POSITIONS,Read2,'AGATCGGAAGAG' 38bp Starts,14
SEQUENCE POSITIONS,Read2,'AGATCGGAAGAG' 39bp Starts,17
SEQUENCE POSITIONS,Read2,'AGATCGGAAGAG' 40bp Starts,21
SEQUENCE POSITIONS,Read2,'AGATCGGAAGAG' 41bp Starts,26
SEQUENCE POSITIONS,Read2,'AGATCGGAAGAG' 42bp Starts,27
SEQUENCE POSITIONS,Read2,'AGATCGGAAGAG' 43bp Starts,26
SEQUENCE POSITIONS,Read2,'AGATCGGAAGAG' 44bp Starts,18
SEQUENCE POSITIONS,Read2,'AGATCGGAAGAG' 45bp Starts,26
SEQUENCE POSITIONS,Read2,'AGATCGGAAGAG' 46bp Starts,28
SEQUENCE POSITIONS,Read2,'AGATCGGAAGAG' 47bp Starts,42
SEQUENCE POSITIONS,Read2,'AGATCGGAAGAG' 48bp Starts,38
SEQUENCE POSITIONS,Read2,'AGATCGGAAGAG' 49bp Starts,56
SEQUENCE POSITIONS,Read2,'AGATCGGAAGAG' 50bp Starts,76
SEQUENCE POSITIONS,Read2,'AGATCGGAAGAG' 51bp Starts,70
SEQUENCE POSITIONS,Read2,'AGATCGGAAGAG' 52bp Starts,98
SEQUENCE POSITIONS,Read2,'AGATCGGAAGAG' 53bp Starts,98
SEQUENCE POSITIONS,Read2,'AGATCGGAAGAG' 54bp Starts,109
SEQUENCE POSITIONS,Read2,'AGATCGGAAGAG' 55bp Starts,84
SEQUENCE POSITIONS,Read2,'AGATCGGAAGAG' 56bp Starts,110
SEQUENCE POSITIONS,Read2,'AGATCGGAAGAG' 57bp Starts,125
SEQUENCE POSITIONS,Read2,'AGATCGGAAGAG' 58bp Starts,143
SEQUENCE POSITIONS,Read2,'AGATCGGAAGAG' 59bp Starts,148
SEQUENCE POSITIONS,Read2,'AGATCGGAAGAG' 60bp Starts,234
SEQUENCE POSITIONS,Read2,'AGATCGGAAGAG' 61bp Starts,219
SEQUENCE POSITIONS,Read2,'AGATCGGAAGAG' 62bp Starts,245
SEQUENCE POSITIONS,Read2,'AGATCGGAAGAG' 63bp Starts,271
SEQUENCE POSITIONS,Read2,'AGATCGGAAGAG' 64bp Starts,318
SEQUENCE POSITIONS,Read2,'AGATCGGAAGAG' 65bp Starts,352
SEQUENCE POSITIONS,Read2,'AGATCGGAAGAG' 66bp Starts,365
SEQUENCE POSITIONS,Read2,'AGATCGGAAGAG' 67bp Starts,399
SEQUENCE POSITIONS,Read2,'AGATCGGAAGAG' 68bp Starts,485
SEQUENCE POSITIONS,Read2,'AGATCGGAAGAG' 69bp Starts,463
SEQUENCE POSITIONS,Read2,'AGATCGGAAGAG' 70bp Starts,476
SEQUENCE POSITIONS,Read2,'AGATCGGAAGAG' 71bp Starts,584
SEQUENCE POSITIONS,Read2,'AGATCGGAAGAG' 72bp Starts,564
SEQUENCE POSITIONS,Read2,'AGATCGGAAGAG' 73bp Starts,759
SEQUENCE POSITIONS,Read2,'AGATCGGAAGAG' 74bp Starts,649
SEQUENCE POSITIONS,Read2,'AGATCGGAAGAG' 75bp Starts,568
SEQUENCE POSITIONS,Read2,'AGATCGGAAGAG' 76bp Starts,538
SEQUENCE POSITIONS,Read2,'AGATCGGAAGAG' 77bp Starts,474
SEQUENCE POSITIONS,Read2,'AGATCGGAAGAG' 78bp Starts,458
SEQUENCE POSITIONS,Read2,'AGATCGGAAGAG' 79bp Starts,424
SEQUENCE POSITIONS,Read2,'AGATCGGAAGAG' 80bp Starts,501
SEQUENCE POSITIONS,Read2,'AGATCGGAAGAG' 81bp Starts,595
SEQUENCE POSITIONS,Read2,'AGATCGGAAGAG' 82bp Starts,461
SEQUENCE POSITIONS,Read2,'AGATCGGAAGAG' 83bp Starts,618
SEQUENCE POSITIONS,Read2,'AGATCGGAAGAG' 84bp Starts,618
SEQUENCE POSITIONS,Read2,'AGATCGGAAGAG' 85bp Starts,372
SEQUENCE POSITIONS,Read2,'AGATCGGAAGAG' 86bp Starts,303
SEQUENCE POSITIONS,Read2,'AGATCGGAAGAG' 87bp Starts,144
SEQUENCE POSITIONS,Read2,'AGATCGGAAGAG' 88bp Starts,46
SEQUENCE POSITIONS,Read2,'AGATCGGAAGAG' Total Sequence Starts,13977,0.02
SEQUENCE POSITIONS,Read2,'TGGAATTCTCGG' 2bp Starts,1
SEQUENCE POSITIONS,Read2,'TGGAATTCTCGG' 8bp Starts,4
SEQUENCE POSITIONS,Read2,'TGGAATTCTCGG' 9bp Starts,4
SEQUENCE POSITIONS,Read2,'TGGAATTCTCGG' 12bp Starts,1
SEQUENCE POSITIONS,Read2,'TGGAATTCTCGG' 16bp Starts,1
SEQUENCE POSITIONS,Read2,'TGGAATTCTCGG' 22bp Starts,1
SEQUENCE POSITIONS,Read2,'TGGAATTCTCGG' 23bp Starts,1
SEQUENCE POSITIONS,Read2,'TGGAATTCTCGG' 24bp Starts,3
SEQUENCE POSITIONS,Read2,'TGGAATTCTCGG' 26bp Starts,1
SEQUENCE POSITIONS,Read2,'TGGAATTCTCGG' 28bp Starts,2
SEQUENCE POSITIONS,Read2,'TGGAATTCTCGG' 29bp Starts,1
SEQUENCE POSITIONS,Read2,'TGGAATTCTCGG' 36bp Starts,1
SEQUENCE POSITIONS,Read2,'TGGAATTCTCGG' 38bp Starts,3
SEQUENCE POSITIONS,Read2,'TGGAATTCTCGG' 41bp Starts,1
SEQUENCE POSITIONS,Read2,'TGGAATTCTCGG' 44bp Starts,4
SEQUENCE POSITIONS,Read2,'TGGAATTCTCGG' 45bp Starts,2
SEQUENCE POSITIONS,Read2,'TGGAATTCTCGG' 52bp Starts,2
SEQUENCE POSITIONS,Read2,'TGGAATTCTCGG' 53bp Starts,6
SEQUENCE POSITIONS,Read2,'TGGAATTCTCGG' 56bp Starts,1
SEQUENCE POSITIONS,Read2,'TGGAATTCTCGG' 58bp Starts,1
SEQUENCE POSITIONS,Read2,'TGGAATTCTCGG' 59bp Starts,6
SEQUENCE POSITIONS,Read2,'TGGAATTCTCGG' 60bp Starts,1
SEQUENCE POSITIONS,Read2,'TGGAATTCTCGG' 62bp Starts,1
SEQUENCE POSITIONS,Read2,'TGGAATTCTCGG' 65bp Starts,1
SEQUENCE POSITIONS,Read2,'TGGAATTCTCGG' 68bp Starts,3
SEQUENCE POSITIONS,Read2,'TGGAATTCTCGG' 69bp Starts,3
SEQUENCE POSITIONS,Read2,'TGGAATTCTCGG' 70bp Starts,1
SEQUENCE POSITIONS,Read2,'TGGAATTCTCGG' 72bp Starts,1
SEQUENCE POSITIONS,Read2,'TGGAATTCTCGG' 75bp Starts,2
SEQUENCE POSITIONS,Read2,'TGGAATTCTCGG' 82bp Starts,1
SEQUENCE POSITIONS,Read2,'TGGAATTCTCGG' 85bp Starts,1
SEQUENCE POSITIONS,Read2,'TGGAATTCTCGG' 86bp Starts,1
SEQUENCE POSITIONS,Read2,'TGGAATTCTCGG' 87bp Starts,2
SEQUENCE POSITIONS,Read2,'TGGAATTCTCGG' 88bp Starts,2
SEQUENCE POSITIONS,Read2,'TGGAATTCTCGG' 89bp Starts,1
SEQUENCE POSITIONS,Read2,'TGGAATTCTCGG' 90bp Starts,3
SEQUENCE POSITIONS,Read2,'TGGAATTCTCGG' Total Sequence Starts,71,0.00
SEQUENCE POSITIONS,Read2,'GATCGTCGGACT' 16bp Starts,1
SEQUENCE POSITIONS,Read2,'GATCGTCGGACT' 33bp Starts,1
SEQUENCE POSITIONS,Read2,'GATCGTCGGACT' 38bp Starts,1
SEQUENCE POSITIONS,Read2,'GATCGTCGGACT' Total Sequence Starts,3,0.00
SEQUENCE POSITIONS,Read2,'CTGTCTCTTATA' 1bp Starts,2
SEQUENCE POSITIONS,Read2,'CTGTCTCTTATA' 2bp Starts,9
SEQUENCE POSITIONS,Read2,'CTGTCTCTTATA' 3bp Starts,2
SEQUENCE POSITIONS,Read2,'CTGTCTCTTATA' 4bp Starts,7
SEQUENCE POSITIONS,Read2,'CTGTCTCTTATA' 5bp Starts,2
SEQUENCE POSITIONS,Read2,'CTGTCTCTTATA' 6bp Starts,2
SEQUENCE POSITIONS,Read2,'CTGTCTCTTATA' 7bp Starts,2
SEQUENCE POSITIONS,Read2,'CTGTCTCTTATA' 8bp Starts,10
SEQUENCE POSITIONS,Read2,'CTGTCTCTTATA' 9bp Starts,7
SEQUENCE POSITIONS,Read2,'CTGTCTCTTATA' 10bp Starts,1
SEQUENCE POSITIONS,Read2,'CTGTCTCTTATA' 11bp Starts,1
SEQUENCE POSITIONS,Read2,'CTGTCTCTTATA' 12bp Starts,4
SEQUENCE POSITIONS,Read2,'CTGTCTCTTATA' 13bp Starts,3
SEQUENCE POSITIONS,Read2,'CTGTCTCTTATA' 14bp Starts,4
SEQUENCE POSITIONS,Read2,'CTGTCTCTTATA' 15bp Starts,3
SEQUENCE POSITIONS,Read2,'CTGTCTCTTATA' 16bp Starts,5
SEQUENCE POSITIONS,Read2,'CTGTCTCTTATA' 17bp Starts,1
SEQUENCE POSITIONS,Read2,'CTGTCTCTTATA' 18bp Starts,1
SEQUENCE POSITIONS,Read2,'CTGTCTCTTATA' 19bp Starts,2
SEQUENCE POSITIONS,Read2,'CTGTCTCTTATA' 20bp Starts,4
SEQUENCE POSITIONS,Read2,'CTGTCTCTTATA' 21bp Starts,2
SEQUENCE POSITIONS,Read2,'CTGTCTCTTATA' 22bp Starts,3
SEQUENCE POSITIONS,Read2,'CTGTCTCTTATA' 24bp Starts,9
SEQUENCE POSITIONS,Read2,'CTGTCTCTTATA' 25bp Starts,15
SEQUENCE POSITIONS,Read2,'CTGTCTCTTATA' 26bp Starts,3
SEQUENCE POSITIONS,Read2,'CTGTCTCTTATA' 27bp Starts,1
SEQUENCE POSITIONS,Read2,'CTGTCTCTTATA' 28bp Starts,1
SEQUENCE POSITIONS,Read2,'CTGTCTCTTATA' 29bp Starts,2
SEQUENCE POSITIONS,Read2,'CTGTCTCTTATA' 30bp Starts,3
SEQUENCE POSITIONS,Read2,'CTGTCTCTTATA' 31bp Starts,3
SEQUENCE POSITIONS,Read2,'CTGTCTCTTATA' 32bp Starts,5
SEQUENCE POSITIONS,Read2,'CTGTCTCTTATA' 33bp Starts,9
SEQUENCE POSITIONS,Read2,'CTGTCTCTTATA' 34bp Starts,5
SEQUENCE POSITIONS,Read2,'CTGTCTCTTATA' 35bp Starts,7
SEQUENCE POSITIONS,Read2,'CTGTCTCTTATA' 36bp Starts,6
SEQUENCE POSITIONS,Read2,'CTGTCTCTTATA' 37bp Starts,2
SEQUENCE POSITIONS,Read2,'CTGTCTCTTATA' 38bp Starts,6
SEQUENCE POSITIONS,Read2,'CTGTCTCTTATA' 40bp Starts,3
SEQUENCE POSITIONS,Read2,'CTGTCTCTTATA' 41bp Starts,5
SEQUENCE POSITIONS,Read2,'CTGTCTCTTATA' 42bp Starts,1
SEQUENCE POSITIONS,Read2,'CTGTCTCTTATA' 43bp Starts,1
SEQUENCE POSITIONS,Read2,'CTGTCTCTTATA' 44bp Starts,5
SEQUENCE POSITIONS,Read2,'CTGTCTCTTATA' 45bp Starts,2
SEQUENCE POSITIONS,Read2,'CTGTCTCTTATA' 46bp Starts,8
SEQUENCE POSITIONS,Read2,'CTGTCTCTTATA' 47bp Starts,3
SEQUENCE POSITIONS,Read2,'CTGTCTCTTATA' 48bp Starts,4
SEQUENCE POSITIONS,Read2,'CTGTCTCTTATA' 49bp Starts,8
SEQUENCE POSITIONS,Read2,'CTGTCTCTTATA' 50bp Starts,6
SEQUENCE POSITIONS,Read2,'CTGTCTCTTATA' 52bp Starts,5
SEQUENCE POSITIONS,Read2,'CTGTCTCTTATA' 53bp Starts,1
SEQUENCE POSITIONS,Read2,'CTGTCTCTTATA' 54bp Starts,2
SEQUENCE POSITIONS,Read2,'CTGTCTCTTATA' 55bp Starts,4
SEQUENCE POSITIONS,Read2,'CTGTCTCTTATA' 56bp Starts,2
SEQUENCE POSITIONS,Read2,'CTGTCTCTTATA' 57bp Starts,5
SEQUENCE POSITIONS,Read2,'CTGTCTCTTATA' 58bp Starts,5
SEQUENCE POSITIONS,Read2,'CTGTCTCTTATA' 59bp Starts,2
SEQUENCE POSITIONS,Read2,'CTGTCTCTTATA' 61bp Starts,4
SEQUENCE POSITIONS,Read2,'CTGTCTCTTATA' 62bp Starts,4
SEQUENCE POSITIONS,Read2,'CTGTCTCTTATA' 63bp Starts,8
SEQUENCE POSITIONS,Read2,'CTGTCTCTTATA' 64bp Starts,3
SEQUENCE POSITIONS,Read2,'CTGTCTCTTATA' 65bp Starts,10
SEQUENCE POSITIONS,Read2,'CTGTCTCTTATA' 66bp Starts,7
SEQUENCE POSITIONS,Read2,'CTGTCTCTTATA' 67bp Starts,4
SEQUENCE POSITIONS,Read2,'CTGTCTCTTATA' 68bp Starts,10
SEQUENCE POSITIONS,Read2,'CTGTCTCTTATA' 69bp Starts,2
SEQUENCE POSITIONS,Read2,'CTGTCTCTTATA' 71bp Starts,4
SEQUENCE POSITIONS,Read2,'CTGTCTCTTATA' 72bp Starts,3
SEQUENCE POSITIONS,Read2,'CTGTCTCTTATA' 73bp Starts,5
SEQUENCE POSITIONS,Read2,'CTGTCTCTTATA' 74bp Starts,6
SEQUENCE POSITIONS,Read2,'CTGTCTCTTATA' 75bp Starts,3
SEQUENCE POSITIONS,Read2,'CTGTCTCTTATA' 76bp Starts,4
SEQUENCE POSITIONS,Read2,'CTGTCTCTTATA' 77bp Starts,3
SEQUENCE POSITIONS,Read2,'CTGTCTCTTATA' 78bp Starts,2
SEQUENCE POSITIONS,Read2,'CTGTCTCTTATA' 79bp Starts,3
SEQUENCE POSITIONS,Read2,'CTGTCTCTTATA' 80bp Starts,4
SEQUENCE POSITIONS,Read2,'CTGTCTCTTATA' 81bp Starts,7
SEQUENCE POSITIONS,Read2,'CTGTCTCTTATA' 82bp Starts,4
SEQUENCE POSITIONS,Read2,'CTGTCTCTTATA' 83bp Starts,1
SEQUENCE POSITIONS,Read2,'CTGTCTCTTATA' 84bp Starts,5
SEQUENCE POSITIONS,Read2,'CTGTCTCTTATA' 85bp Starts,11
SEQUENCE POSITIONS,Read2,'CTGTCTCTTATA' 86bp Starts,6
SEQUENCE POSITIONS,Read2,'CTGTCTCTTATA' 87bp Starts,3
SEQUENCE POSITIONS,Read2,'CTGTCTCTTATA' 88bp Starts,1
SEQUENCE POSITIONS,Read2,'CTGTCTCTTATA' 89bp Starts,1
SEQUENCE POSITIONS,Read2,'CTGTCTCTTATA' Total Sequence Starts,354,0.00
POSITIONAL QUALITY,Read2,ReadPos 1 1% Quantile QV,25
POSITIONAL QUALITY,Read2,ReadPos 1 2% Quantile QV,25
POSITIONAL QUALITY,Read2,ReadPos 1 5% Quantile QV,37
POSITIONAL QUALITY,Read2,ReadPos 1 10% Quantile QV,37
POSITIONAL QUALITY,Read2,ReadPos 1 25% Quantile QV,37
POSITIONAL QUALITY,Read2,ReadPos 1 50% Quantile QV,37
POSITIONAL QUALITY,Read2,ReadPos 1 75% Quantile QV,37
POSITIONAL QUALITY,Read2,ReadPos 1 90% Quantile QV,37
POSITIONAL QUALITY,Read2,ReadPos 1 95% Quantile QV,37
POSITIONAL QUALITY,Read2,ReadPos 1 98% Quantile QV,37
POSITIONAL QUALITY,Read2,ReadPos 1 99% Quantile QV,37
POSITIONAL QUALITY,Read2,ReadPos 2 1% Quantile QV,11
POSITIONAL QUALITY,Read2,ReadPos 2 2% Quantile QV,25
POSITIONAL QUALITY,Read2,ReadPos 2 5% Quantile QV,37
POSITIONAL QUALITY,Read2,ReadPos 2 10% Quantile QV,37
POSITIONAL QUALITY,Read2,ReadPos 2 25% Quantile QV,37
POSITIONAL QUALITY,Read2,ReadPos 2 50% Quantile QV,37
POSITIONAL QUALITY,Read2,ReadPos 2 75% Quantile QV,37
POSITIONAL QUALITY,Read2,ReadPos 2 90% Quantile QV,37
POSITIONAL QUALITY,Read2,ReadPos 2 95% Quantile QV,37
POSITIONAL QUALITY,Read2,ReadPos 2 98% Quantile QV,37
POSITIONAL QUALITY,Read2,ReadPos 2 99% Quantile QV,37
POSITIONAL QUALITY,Read2,ReadPos 3 1% Quantile QV,11
POSITIONAL QUALITY,Read2,ReadPos 3 2% Quantile QV,25
POSITIONAL QUALITY,Read2,ReadPos 3 5% Quantile QV,37
POSITIONAL QUALITY,Read2,ReadPos 3 10% Quantile QV,37
POSITIONAL QUALITY,Read2,ReadPos 3 25% Quantile QV,37
POSITIONAL QUALITY,Read2,ReadPos 3 50% Quantile QV,37
POSITIONAL QUALITY,Read2,ReadPos 3 75% Quantile QV,37
POSITIONAL QUALITY,Read2,ReadPos 3 90% Quantile QV,37
POSITIONAL QUALITY,Read2,ReadPos 3 95% Quantile QV,37
POSITIONAL QUALITY,Read2,ReadPos 3 98% Quantile QV,37
POSITIONAL QUALITY,Read2,ReadPos 3 99% Quantile QV,37
POSITIONAL QUALITY,Read2,ReadPos 4 1% Quantile QV,11
POSITIONAL QUALITY,Read2,ReadPos 4 2% Quantile QV,25
POSITIONAL QUALITY,Read2,ReadPos 4 5% Quantile QV,37
POSITIONAL QUALITY,Read2,ReadPos 4 10% Quantile QV,37
POSITIONAL QUALITY,Read2,ReadPos 4 25% Quantile QV,37
POSITIONAL QUALITY,Read2,ReadPos 4 50% Quantile QV,37
POSITIONAL QUALITY,Read2,ReadPos 4 75% Quantile QV,37
POSITIONAL QUALITY,Read2,ReadPos 4 90% Quantile QV,37
POSITIONAL QUALITY,Read2,ReadPos 4 95% Quantile QV,37
POSITIONAL QUALITY,Read2,ReadPos 4 98% Quantile QV,37
POSITIONAL QUALITY,Read2,ReadPos 4 99% Quantile QV,37
POSITIONAL QUALITY,Read2,ReadPos 5 1% Quantile QV,11
POSITIONAL QUALITY,Read2,ReadPos 5 2% Quantile QV,25
POSITIONAL QUALITY,Read2,ReadPos 5 5% Quantile QV,37
POSITIONAL QUALITY,Read2,ReadPos 5 10% Quantile QV,37
POSITIONAL QUALITY,Read2,ReadPos 5 25% Quantile QV,37
POSITIONAL QUALITY,Read2,ReadPos 5 50% Quantile QV,37
POSITIONAL QUALITY,Read2,ReadPos 5 75% Quantile QV,37
POSITIONAL QUALITY,Read2,ReadPos 5 90% Quantile QV,37
POSITIONAL QUALITY,Read2,ReadPos 5 95% Quantile QV,37
POSITIONAL QUALITY,Read2,ReadPos 5 98% Quantile QV,37
POSITIONAL QUALITY,Read2,ReadPos 5 99% Quantile QV,37
POSITIONAL QUALITY,Read2,ReadPos 6 1% Quantile QV,11
POSITIONAL QUALITY,Read2,ReadPos 6 2% Quantile QV,25
POSITIONAL QUALITY,Read2,ReadPos 6 5% Quantile QV,37
POSITIONAL QUALITY,Read2,ReadPos 6 10% Quantile QV,37
POSITIONAL QUALITY,Read2,ReadPos 6 25% Quantile QV,37
POSITIONAL QUALITY,Read2,ReadPos 6 50% Quantile QV,37
POSITIONAL QUALITY,Read2,ReadPos 6 75% Quantile QV,37
POSITIONAL QUALITY,Read2,ReadPos 6 90% Quantile QV,37
POSITIONAL QUALITY,Read2,ReadPos 6 95% Quantile QV,37
POSITIONAL QUALITY,Read2,ReadPos 6 98% Quantile QV,37
POSITIONAL QUALITY,Read2,ReadPos 6 99% Quantile QV,37
POSITIONAL QUALITY,Read2,ReadPos 7 1% Quantile QV,11
POSITIONAL QUALITY,Read2,ReadPos 7 2% Quantile QV,11
POSITIONAL QUALITY,Read2,ReadPos 7 5% Quantile QV,37
POSITIONAL QUALITY,Read2,ReadPos 7 10% Quantile QV,37
POSITIONAL QUALITY,Read2,ReadPos 7 25% Quantile QV,37
POSITIONAL QUALITY,Read2,ReadPos 7 50% Quantile QV,37
POSITIONAL QUALITY,Read2,ReadPos 7 75% Quantile QV,37
POSITIONAL QUALITY,Read2,ReadPos 7 90% Quantile QV,37
POSITIONAL QUALITY,Read2,ReadPos 7 95% Quantile QV,37
POSITIONAL QUALITY,Read2,ReadPos 7 98% Quantile QV,37
POSITIONAL QUALITY,Read2,ReadPos 7 99% Quantile QV,37
POSITIONAL QUALITY,Read2,ReadPos 8 1% Quantile QV,11
POSITIONAL QUALITY,Read2,ReadPos 8 2% Quantile QV,11
POSITIONAL QUALITY,Read2,ReadPos 8 5% Quantile QV,37
POSITIONAL QUALITY,Read2,ReadPos 8 10% Quantile QV,37
POSITIONAL QUALITY,Read2,ReadPos 8 25% Quantile QV,37
POSITIONAL QUALITY,Read2,ReadPos 8 50% Quantile QV,37
POSITIONAL QUALITY,Read2,ReadPos 8 75% Quantile QV,37
POSITIONAL QUALITY,Read2,ReadPos 8 90% Quantile QV,37
POSITIONAL QUALITY,Read2,ReadPos 8 95% Quantile QV,37
POSITIONAL QUALITY,Read2,ReadPos 8 98% Quantile QV,37
POSITIONAL QUALITY,Read2,ReadPos 8 99% Quantile QV,37
POSITIONAL QUALITY,Read2,ReadPos 9 1% Quantile QV,11
POSITIONAL QUALITY,Read2,ReadPos 9 2% Quantile QV,11
POSITIONAL QUALITY,Read2,ReadPos 9 5% Quantile QV,37
POSITIONAL QUALITY,Read2,ReadPos 9 10% Quantile QV,37
POSITIONAL QUALITY,Read2,ReadPos 9 25% Quantile QV,37
POSITIONAL QUALITY,Read2,ReadPos 9 50% Quantile QV,37
POSITIONAL QUALITY,Read2,ReadPos 9 75% Quantile QV,37
POSITIONAL QUALITY,Read2,ReadPos 9 90% Quantile QV,37
POSITIONAL QUALITY,Read2,ReadPos 9 95% Quantile QV,37
POSITIONAL QUALITY,Read2,ReadPos 9 98% Quantile QV,37
POSITIONAL QUALITY,Read2,ReadPos 9 99% Quantile QV,37
POSITIONAL QUALITY,Read2,ReadPos 10 1% Quantile QV,11
POSITIONAL QUALITY,Read2,ReadPos 10 2% Quantile QV,11
POSITIONAL QUALITY,Read2,ReadPos 10 5% Quantile QV,37
POSITIONAL QUALITY,Read2,ReadPos 10 10% Quantile QV,37
POSITIONAL QUALITY,Read2,ReadPos 10 25% Quantile QV,37
POSITIONAL QUALITY,Read2,ReadPos 10 50% Quantile QV,37
POSITIONAL QUALITY,Read2,ReadPos 10 75% Quantile QV,37
POSITIONAL QUALITY,Read2,ReadPos 10 90% Quantile QV,37
POSITIONAL QUALITY,Read2,ReadPos 10 95% Quantile QV,37
POSITIONAL QUALITY,Read2,ReadPos 10 98% Quantile QV,37
POSITIONAL QUALITY,Read2,ReadPos 10 99% Quantile QV,37
POSITIONAL QUALITY,Read2,ReadPos 11 1% Quantile QV,11
POSITIONAL QUALITY,Read2,ReadPos 11 2% Quantile QV,11
POSITIONAL QUALITY,Read2,ReadPos 11 5% Quantile QV,37
POSITIONAL QUALITY,Read2,ReadPos 11 10% Quantile QV,37
POSITIONAL QUALITY,Read2,ReadPos 11 25% Quantile QV,37
POSITIONAL QUALITY,Read2,ReadPos 11 50% Quantile QV,37
POSITIONAL QUALITY,Read2,ReadPos 11 75% Quantile QV,37
POSITIONAL QUALITY,Read2,ReadPos 11 90% Quantile QV,37
POSITIONAL QUALITY,Read2,ReadPos 11 95% Quantile QV,37
POSITIONAL QUALITY,Read2,ReadPos 11 98% Quantile QV,37
POSITIONAL QUALITY,Read2,ReadPos 11 99% Quantile QV,37
POSITIONAL QUALITY,Read2,ReadPos 12 1% Quantile QV,11
POSITIONAL QUALITY,Read2,ReadPos 12 2% Quantile QV,11
POSITIONAL QUALITY,Read2,ReadPos 12 5% Quantile QV,37
POSITIONAL QUALITY,Read2,ReadPos 12 10% Quantile QV,37
POSITIONAL QUALITY,Read2,ReadPos 12 25% Quantile QV,37
POSITIONAL QUALITY,Read2,ReadPos 12 50% Quantile QV,37
POSITIONAL QUALITY,Read2,ReadPos 12 75% Quantile QV,37
POSITIONAL QUALITY,Read2,ReadPos 12 90% Quantile QV,37
POSITIONAL QUALITY,Read2,ReadPos 12 95% Quantile QV,37
POSITIONAL QUALITY,Read2,ReadPos 12 98% Quantile QV,37
POSITIONAL QUALITY,Read2,ReadPos 12 99% Quantile QV,37
POSITIONAL QUALITY,Read2,ReadPos 13 1% Quantile QV,11
POSITIONAL QUALITY,Read2,ReadPos 13 2% Quantile QV,11
POSITIONAL QUALITY,Read2,ReadPos 13 5% Quantile QV,37
POSITIONAL QUALITY,Read2,ReadPos 13 10% Quantile QV,37
POSITIONAL QUALITY,Read2,ReadPos 13 25% Quantile QV,37
POSITIONAL QUALITY,Read2,ReadPos 13 50% Quantile QV,37
POSITIONAL QUALITY,Read2,ReadPos 13 75% Quantile QV,37
POSITIONAL QUALITY,Read2,ReadPos 13 90% Quantile QV,37
POSITIONAL QUALITY,Read2,ReadPos 13 95% Quantile QV,37
POSITIONAL QUALITY,Read2,ReadPos 13 98% Quantile QV,37
POSITIONAL QUALITY,Read2,ReadPos 13 99% Quantile QV,37
POSITIONAL QUALITY,Read2,ReadPos 14 1% Quantile QV,11
POSITIONAL QUALITY,Read2,ReadPos 14 2% Quantile QV,11
POSITIONAL QUALITY,Read2,ReadPos 14 5% Quantile QV,25
POSITIONAL QUALITY,Read2,ReadPos 14 10% Quantile QV,37
POSITIONAL QUALITY,Read2,ReadPos 14 25% Quantile QV,37
POSITIONAL QUALITY,Read2,ReadPos 14 50% Quantile QV,37
POSITIONAL QUALITY,Read2,ReadPos 14 75% Quantile QV,37
POSITIONAL QUALITY,Read2,ReadPos 14 90% Quantile QV,37
POSITIONAL QUALITY,Read2,ReadPos 14 95% Quantile QV,37
POSITIONAL QUALITY,Read2,ReadPos 14 98% Quantile QV,37
POSITIONAL QUALITY,Read2,ReadPos 14 99% Quantile QV,37
POSITIONAL QUALITY,Read2,ReadPos 15 1% Quantile QV,11
POSITIONAL QUALITY,Read2,ReadPos 15 2% Quantile QV,11
POSITIONAL QUALITY,Read2,ReadPos 15 5% Quantile QV,25
POSITIONAL QUALITY,Read2,ReadPos 15 10% Quantile QV,37
POSITIONAL QUALITY,Read2,ReadPos 15 25% Quantile QV,37
POSITIONAL QUALITY,Read2,ReadPos 15 50% Quantile QV,37
POSITIONAL QUALITY,Read2,ReadPos 15 75% Quantile QV,37
POSITIONAL QUALITY,Read2,ReadPos 15 90% Quantile QV,37
POSITIONAL QUALITY,Read2,ReadPos 15 95% Quantile QV,37
POSITIONAL QUALITY,Read2,ReadPos 15 98% Quantile QV,37
POSITIONAL QUALITY,Read2,ReadPos 15 99% Quantile QV,37
POSITIONAL QUALITY,Read2,ReadPos 16 1% Quantile QV,11
POSITIONAL QUALITY,Read2,ReadPos 16 2% Quantile QV,11
POSITIONAL QUALITY,Read2,ReadPos 16 5% Quantile QV,25
POSITIONAL QUALITY,Read2,ReadPos 16 10% Quantile QV,37
POSITIONAL QUALITY,Read2,ReadPos 16 25% Quantile QV,37
POSITIONAL QUALITY,Read2,ReadPos 16 50% Quantile QV,37
POSITIONAL QUALITY,Read2,ReadPos 16 75% Quantile QV,37
POSITIONAL QUALITY,Read2,ReadPos 16 90% Quantile QV,37
POSITIONAL QUALITY,Read2,ReadPos 16 95% Quantile QV,37
POSITIONAL QUALITY,Read2,ReadPos 16 98% Quantile QV,37
POSITIONAL QUALITY,Read2,ReadPos 16 99% Quantile QV,37
POSITIONAL QUALITY,Read2,ReadPos 17 1% Quantile QV,11
POSITIONAL QUALITY,Read2,ReadPos 17 2% Quantile QV,11
POSITIONAL QUALITY,Read2,ReadPos 17 5% Quantile QV,25
POSITIONAL QUALITY,Read2,ReadPos 17 10% Quantile QV,37
POSITIONAL QUALITY,Read2,ReadPos 17 25% Quantile QV,37
POSITIONAL QUALITY,Read2,ReadPos 17 50% Quantile QV,37
POSITIONAL QUALITY,Read2,ReadPos 17 75% Quantile QV,37
POSITIONAL QUALITY,Read2,ReadPos 17 90% Quantile QV,37
POSITIONAL QUALITY,Read2,ReadPos 17 95% Quantile QV,37
POSITIONAL QUALITY,Read2,ReadPos 17 98% Quantile QV,37
POSITIONAL QUALITY,Read2,ReadPos 17 99% Quantile QV,37
POSITIONAL QUALITY,Read2,ReadPos 18 1% Quantile QV,11
POSITIONAL QUALITY,Read2,ReadPos 18 2% Quantile QV,11
POSITIONAL QUALITY,Read2,ReadPos 18 5% Quantile QV,25
POSITIONAL QUALITY,Read2,ReadPos 18 10% Quantile QV,37
POSITIONAL QUALITY,Read2,ReadPos 18 25% Quantile QV,37
POSITIONAL QUALITY,Read2,ReadPos 18 50% Quantile QV,37
POSITIONAL QUALITY,Read2,ReadPos 18 75% Quantile QV,37
POSITIONAL QUALITY,Read2,ReadPos 18 90% Quantile QV,37
POSITIONAL QUALITY,Read2,ReadPos 18 95% Quantile QV,37
POSITIONAL QUALITY,Read2,ReadPos 18 98% Quantile QV,37
POSITIONAL QUALITY,Read2,ReadPos 18 99% Quantile QV,37
POSITIONAL QUALITY,Read2,ReadPos 19 1% Quantile QV,11
POSITIONAL QUALITY,Read2,ReadPos 19 2% Quantile QV,11
POSITIONAL QUALITY,Read2,ReadPos 19 5% Quantile QV,25
POSITIONAL QUALITY,Read2,ReadPos 19 10% Quantile QV,37
POSITIONAL QUALITY,Read2,ReadPos 19 25% Quantile QV,37
POSITIONAL QUALITY,Read2,ReadPos 19 50% Quantile QV,37
POSITIONAL QUALITY,Read2,ReadPos 19 75% Quantile QV,37
POSITIONAL QUALITY,Read2,ReadPos 19 90% Quantile QV,37
POSITIONAL QUALITY,Read2,ReadPos 19 95% Quantile QV,37
POSITIONAL QUALITY,Read2,ReadPos 19 98% Quantile QV,37
POSITIONAL QUALITY,Read2,ReadPos 19 99% Quantile QV,37
POSITIONAL QUALITY,Read2,ReadPos 20 1% Quantile QV,11
POSITIONAL QUALITY,Read2,ReadPos 20 2% Quantile QV,11
POSITIONAL QUALITY,Read2,ReadPos 20 5% Quantile QV,25
POSITIONAL QUALITY,Read2,ReadPos 20 10% Quantile QV,37
POSITIONAL QUALITY,Read2,ReadPos 20 25% Quantile QV,37
POSITIONAL QUALITY,Read2,ReadPos 20 50% Quantile QV,37
POSITIONAL QUALITY,Read2,ReadPos 20 75% Quantile QV,37
POSITIONAL QUALITY,Read2,ReadPos 20 90% Quantile QV,37
POSITIONAL QUALITY,Read2,ReadPos 20 95% Quantile QV,37
POSITIONAL QUALITY,Read2,ReadPos 20 98% Quantile QV,37
POSITIONAL QUALITY,Read2,ReadPos 20 99% Quantile QV,37
POSITIONAL QUALITY,Read2,ReadPos 21 1% Quantile QV,11
POSITIONAL QUALITY,Read2,ReadPos 21 2% Quantile QV,11
POSITIONAL QUALITY,Read2,ReadPos 21 5% Quantile QV,25
POSITIONAL QUALITY,Read2,ReadPos 21 10% Quantile QV,37
POSITIONAL QUALITY,Read2,ReadPos 21 25% Quantile QV,37
POSITIONAL QUALITY,Read2,ReadPos 21 50% Quantile QV,37
POSITIONAL QUALITY,Read2,ReadPos 21 75% Quantile QV,37
POSITIONAL QUALITY,Read2,ReadPos 21 90% Quantile QV,37
POSITIONAL QUALITY,Read2,ReadPos 21 95% Quantile QV,37
POSITIONAL QUALITY,Read2,ReadPos 21 98% Quantile QV,37
POSITIONAL QUALITY,Read2,ReadPos 21 99% Quantile QV,37
POSITIONAL QUALITY,Read2,ReadPos 22 1% Quantile QV,11
POSITIONAL QUALITY,Read2,ReadPos 22 2% Quantile QV,11
POSITIONAL QUALITY,Read2,ReadPos 22 5% Quantile QV,25
POSITIONAL QUALITY,Read2,ReadPos 22 10% Quantile QV,37
POSITIONAL QUALITY,Read2,ReadPos 22 25% Quantile QV,37
POSITIONAL QUALITY,Read2,ReadPos 22 50% Quantile QV,37
POSITIONAL QUALITY,Read2,ReadPos 22 75% Quantile QV,37
POSITIONAL QUALITY,Read2,ReadPos 22 90% Quantile QV,37
POSITIONAL QUALITY,Read2,ReadPos 22 95% Quantile QV,37
POSITIONAL QUALITY,Read2,ReadPos 22 98% Quantile QV,37
POSITIONAL QUALITY,Read2,ReadPos 22 99% Quantile QV,37
POSITIONAL QUALITY,Read2,ReadPos 23 1% Quantile QV,11
POSITIONAL QUALITY,Read2,ReadPos 23 2% Quantile QV,11
POSITIONAL QUALITY,Read2,ReadPos 23 5% Quantile QV,25
POSITIONAL QUALITY,Read2,ReadPos 23 10% Quantile QV,37
POSITIONAL QUALITY,Read2,ReadPos 23 25% Quantile QV,37
POSITIONAL QUALITY,Read2,ReadPos 23 50% Quantile QV,37
POSITIONAL QUALITY,Read2,ReadPos 23 75% Quantile QV,37
POSITIONAL QUALITY,Read2,ReadPos 23 90% Quantile QV,37
POSITIONAL QUALITY,Read2,ReadPos 23 95% Quantile QV,37
POSITIONAL QUALITY,Read2,ReadPos 23 98% Quantile QV,37
POSITIONAL QUALITY,Read2,ReadPos 23 99% Quantile QV,37
POSITIONAL QUALITY,Read2,ReadPos 24 1% Quantile QV,11
POSITIONAL QUALITY,Read2,ReadPos 24 2% Quantile QV,11
POSITIONAL QUALITY,Read2,ReadPos 24 5% Quantile QV,25
POSITIONAL QUALITY,Read2,ReadPos 24 10% Quantile QV,37
POSITIONAL QUALITY,Read2,ReadPos 24 25% Quantile QV,37
POSITIONAL QUALITY,Read2,ReadPos 24 50% Quantile QV,37
POSITIONAL QUALITY,Read2,ReadPos 24 75% Quantile QV,37
POSITIONAL QUALITY,Read2,ReadPos 24 90% Quantile QV,37
POSITIONAL QUALITY,Read2,ReadPos 24 95% Quantile QV,37
POSITIONAL QUALITY,Read2,ReadPos 24 98% Quantile QV,37
POSITIONAL QUALITY,Read2,ReadPos 24 99% Quantile QV,37
POSITIONAL QUALITY,Read2,ReadPos 25 1% Quantile QV,11
POSITIONAL QUALITY,Read2,ReadPos 25 2% Quantile QV,11
POSITIONAL QUALITY,Read2,ReadPos 25 5% Quantile QV,25
POSITIONAL QUALITY,Read2,ReadPos 25 10% Quantile QV,37
POSITIONAL QUALITY,Read2,ReadPos 25 25% Quantile QV,37
POSITIONAL QUALITY,Read2,ReadPos 25 50% Quantile QV,37
POSITIONAL QUALITY,Read2,ReadPos 25 75% Quantile QV,37
POSITIONAL QUALITY,Read2,ReadPos 25 90% Quantile QV,37
POSITIONAL QUALITY,Read2,ReadPos 25 95% Quantile QV,37
POSITIONAL QUALITY,Read2,ReadPos 25 98% Quantile QV,37
POSITIONAL QUALITY,Read2,ReadPos 25 99% Quantile QV,37
POSITIONAL QUALITY,Read2,ReadPos 26 1% Quantile QV,11
POSITIONAL QUALITY,Read2,ReadPos 26 2% Quantile QV,11
POSITIONAL QUALITY,Read2,ReadPos 26 5% Quantile QV,25
POSITIONAL QUALITY,Read2,ReadPos 26 10% Quantile QV,37
POSITIONAL QUALITY,Read2,ReadPos 26 25% Quantile QV,37
POSITIONAL QUALITY,Read2,ReadPos 26 50% Quantile QV,37
POSITIONAL QUALITY,Read2,ReadPos 26 75% Quantile QV,37
POSITIONAL QUALITY,Read2,ReadPos 26 90% Quantile QV,37
POSITIONAL QUALITY,Read2,ReadPos 26 95% Quantile QV,37
POSITIONAL QUALITY,Read2,ReadPos 26 98% Quantile QV,37
POSITIONAL QUALITY,Read2,ReadPos 26 99% Quantile QV,37
POSITIONAL QUALITY,Read2,ReadPos 27 1% Quantile QV,11
POSITIONAL QUALITY,Read2,ReadPos 27 2% Quantile QV,11
POSITIONAL QUALITY,Read2,ReadPos 27 5% Quantile QV,25
POSITIONAL QUALITY,Read2,ReadPos 27 10% Quantile QV,37
POSITIONAL QUALITY,Read2,ReadPos 27 25% Quantile QV,37
POSITIONAL QUALITY,Read2,ReadPos 27 50% Quantile QV,37
POSITIONAL QUALITY,Read2,ReadPos 27 75% Quantile QV,37
POSITIONAL QUALITY,Read2,ReadPos 27 90% Quantile QV,37
POSITIONAL QUALITY,Read2,ReadPos 27 95% Quantile QV,37
POSITIONAL QUALITY,Read2,ReadPos 27 98% Quantile QV,37
POSITIONAL QUALITY,Read2,ReadPos 27 99% Quantile QV,37
POSITIONAL QUALITY,Read2,ReadPos 28 1% Quantile QV,11
POSITIONAL QUALITY,Read2,ReadPos 28 2% Quantile QV,11
POSITIONAL QUALITY,Read2,ReadPos 28 5% Quantile QV,25
POSITIONAL QUALITY,Read2,ReadPos 28 10% Quantile QV,37
POSITIONAL QUALITY,Read2,ReadPos 28 25% Quantile QV,37
POSITIONAL QUALITY,Read2,ReadPos 28 50% Quantile QV,37
POSITIONAL QUALITY,Read2,ReadPos 28 75% Quantile QV,37
POSITIONAL QUALITY,Read2,ReadPos 28 90% Quantile QV,37
POSITIONAL QUALITY,Read2,ReadPos 28 95% Quantile QV,37
POSITIONAL QUALITY,Read2,ReadPos 28 98% Quantile QV,37
POSITIONAL QUALITY,Read2,ReadPos 28 99% Quantile QV,37
POSITIONAL QUALITY,Read2,ReadPos 29 1% Quantile QV,11
POSITIONAL QUALITY,Read2,ReadPos 29 2% Quantile QV,11
POSITIONAL QUALITY,Read2,ReadPos 29 5% Quantile QV,25
POSITIONAL QUALITY,Read2,ReadPos 29 10% Quantile QV,37
POSITIONAL QUALITY,Read2,ReadPos 29 25% Quantile QV,37
POSITIONAL QUALITY,Read2,ReadPos 29 50% Quantile QV,37
POSITIONAL QUALITY,Read2,ReadPos 29 75% Quantile QV,37
POSITIONAL QUALITY,Read2,ReadPos 29 90% Quantile QV,37
POSITIONAL QUALITY,Read2,ReadPos 29 95% Quantile QV,37
POSITIONAL QUALITY,Read2,ReadPos 29 98% Quantile QV,37
POSITIONAL QUALITY,Read2,ReadPos 29 99% Quantile QV,37
POSITIONAL QUALITY,Read2,ReadPos 30 1% Quantile QV,11
POSITIONAL QUALITY,Read2,ReadPos 30 2% Quantile QV,11
POSITIONAL QUALITY,Read2,ReadPos 30 5% Quantile QV,25
POSITIONAL QUALITY,Read2,ReadPos 30 10% Quantile QV,37
POSITIONAL QUALITY,Read2,ReadPos 30 25% Quantile QV,37
POSITIONAL QUALITY,Read2,ReadPos 30 50% Quantile QV,37
POSITIONAL QUALITY,Read2,ReadPos 30 75% Quantile QV,37
POSITIONAL QUALITY,Read2,ReadPos 30 90% Quantile QV,37
POSITIONAL QUALITY,Read2,ReadPos 30 95% Quantile QV,37
POSITIONAL QUALITY,Read2,ReadPos 30 98% Quantile QV,37
POSITIONAL QUALITY,Read2,ReadPos 30 99% Quantile QV,37
POSITIONAL QUALITY,Read2,ReadPos 31 1% Quantile QV,11
POSITIONAL QUALITY,Read2,ReadPos 31 2% Quantile QV,11
POSITIONAL QUALITY,Read2,ReadPos 31 5% Quantile QV,25
POSITIONAL QUALITY,Read2,ReadPos 31 10% Quantile QV,37
POSITIONAL QUALITY,Read2,ReadPos 31 25% Quantile QV,37
POSITIONAL QUALITY,Read2,ReadPos 31 50% Quantile QV,37
POSITIONAL QUALITY,Read2,ReadPos 31 75% Quantile QV,37
POSITIONAL QUALITY,Read2,ReadPos 31 90% Quantile QV,37
POSITIONAL QUALITY,Read2,ReadPos 31 95% Quantile QV,37
POSITIONAL QUALITY,Read2,ReadPos 31 98% Quantile QV,37
POSITIONAL QUALITY,Read2,ReadPos 31 99% Quantile QV,37
POSITIONAL QUALITY,Read2,ReadPos 32 1% Quantile QV,11
POSITIONAL QUALITY,Read2,ReadPos 32 2% Quantile QV,11
POSITIONAL QUALITY,Read2,ReadPos 32 5% Quantile QV,25
POSITIONAL QUALITY,Read2,ReadPos 32 10% Quantile QV,37
POSITIONAL QUALITY,Read2,ReadPos 32 25% Quantile QV,37
POSITIONAL QUALITY,Read2,ReadPos 32 50% Quantile QV,37
POSITIONAL QUALITY,Read2,ReadPos 32 75% Quantile QV,37
POSITIONAL QUALITY,Read2,ReadPos 32 90% Quantile QV,37
POSITIONAL QUALITY,Read2,ReadPos 32 95% Quantile QV,37
POSITIONAL QUALITY,Read2,ReadPos 32 98% Quantile QV,37
POSITIONAL QUALITY,Read2,ReadPos 32 99% Quantile QV,37
POSITIONAL QUALITY,Read2,ReadPos 33 1% Quantile QV,11
POSITIONAL QUALITY,Read2,ReadPos 33 2% Quantile QV,11
POSITIONAL QUALITY,Read2,ReadPos 33 5% Quantile QV,25
POSITIONAL QUALITY,Read2,ReadPos 33 10% Quantile QV,37
POSITIONAL QUALITY,Read2,ReadPos 33 25% Quantile QV,37
POSITIONAL QUALITY,Read2,ReadPos 33 50% Quantile QV,37
POSITIONAL QUALITY,Read2,ReadPos 33 75% Quantile QV,37
POSITIONAL QUALITY,Read2,ReadPos 33 90% Quantile QV,37
POSITIONAL QUALITY,Read2,ReadPos 33 95% Quantile QV,37
POSITIONAL QUALITY,Read2,ReadPos 33 98% Quantile QV,37
POSITIONAL QUALITY,Read2,ReadPos 33 99% Quantile QV,37
POSITIONAL QUALITY,Read2,ReadPos 34 1% Quantile QV,11
POSITIONAL QUALITY,Read2,ReadPos 34 2% Quantile QV,11
POSITIONAL QUALITY,Read2,ReadPos 34 5% Quantile QV,25
POSITIONAL QUALITY,Read2,ReadPos 34 10% Quantile QV,37
POSITIONAL QUALITY,Read2,ReadPos 34 25% Quantile QV,37
POSITIONAL QUALITY,Read2,ReadPos 34 50% Quantile QV,37
POSITIONAL QUALITY,Read2,ReadPos 34 75% Quantile QV,37
POSITIONAL QUALITY,Read2,ReadPos 34 90% Quantile QV,37
POSITIONAL QUALITY,Read2,ReadPos 34 95% Quantile QV,37
POSITIONAL QUALITY,Read2,ReadPos 34 98% Quantile QV,37
POSITIONAL QUALITY,Read2,ReadPos 34 99% Quantile QV,37
POSITIONAL QUALITY,Read2,ReadPos 35 1% Quantile QV,11
POSITIONAL QUALITY,Read2,ReadPos 35 2% Quantile QV,11
POSITIONAL QUALITY,Read2,ReadPos 35 5% Quantile QV,25
POSITIONAL QUALITY,Read2,ReadPos 35 10% Quantile QV,37
POSITIONAL QUALITY,Read2,ReadPos 35 25% Quantile QV,37
POSITIONAL QUALITY,Read2,ReadPos 35 50% Quantile QV,37
POSITIONAL QUALITY,Read2,ReadPos 35 75% Quantile QV,37
POSITIONAL QUALITY,Read2,ReadPos 35 90% Quantile QV,37
POSITIONAL QUALITY,Read2,ReadPos 35 95% Quantile QV,37
POSITIONAL QUALITY,Read2,ReadPos 35 98% Quantile QV,37
POSITIONAL QUALITY,Read2,ReadPos 35 99% Quantile QV,37
POSITIONAL QUALITY,Read2,ReadPos 36 1% Quantile QV,11
POSITIONAL QUALITY,Read2,ReadPos 36 2% Quantile QV,11
POSITIONAL QUALITY,Read2,ReadPos 36 5% Quantile QV,25
POSITIONAL QUALITY,Read2,ReadPos 36 10% Quantile QV,37
POSITIONAL QUALITY,Read2,ReadPos 36 25% Quantile QV,37
POSITIONAL QUALITY,Read2,ReadPos 36 50% Quantile QV,37
POSITIONAL QUALITY,Read2,ReadPos 36 75% Quantile QV,37
POSITIONAL QUALITY,Read2,ReadPos 36 90% Quantile QV,37
POSITIONAL QUALITY,Read2,ReadPos 36 95% Quantile QV,37
POSITIONAL QUALITY,Read2,ReadPos 36 98% Quantile QV,37
POSITIONAL QUALITY,Read2,ReadPos 36 99% Quantile QV,37
POSITIONAL QUALITY,Read2,ReadPos 37 1% Quantile QV,11
POSITIONAL QUALITY,Read2,ReadPos 37 2% Quantile QV,11
POSITIONAL QUALITY,Read2,ReadPos 37 5% Quantile QV,25
POSITIONAL QUALITY,Read2,ReadPos 37 10% Quantile QV,37
POSITIONAL QUALITY,Read2,ReadPos 37 25% Quantile QV,37
POSITIONAL QUALITY,Read2,ReadPos 37 50% Quantile QV,37
POSITIONAL QUALITY,Read2,ReadPos 37 75% Quantile QV,37
POSITIONAL QUALITY,Read2,ReadPos 37 90% Quantile QV,37
POSITIONAL QUALITY,Read2,ReadPos 37 95% Quantile QV,37
POSITIONAL QUALITY,Read2,ReadPos 37 98% Quantile QV,37
POSITIONAL QUALITY,Read2,ReadPos 37 99% Quantile QV,37
POSITIONAL QUALITY,Read2,ReadPos 38 1% Quantile QV,11
POSITIONAL QUALITY,Read2,ReadPos 38 2% Quantile QV,11
POSITIONAL QUALITY,Read2,ReadPos 38 5% Quantile QV,25
POSITIONAL QUALITY,Read2,ReadPos 38 10% Quantile QV,37
POSITIONAL QUALITY,Read2,ReadPos 38 25% Quantile QV,37
POSITIONAL QUALITY,Read2,ReadPos 38 50% Quantile QV,37
POSITIONAL QUALITY,Read2,ReadPos 38 75% Quantile QV,37
POSITIONAL QUALITY,Read2,ReadPos 38 90% Quantile QV,37
POSITIONAL QUALITY,Read2,ReadPos 38 95% Quantile QV,37
POSITIONAL QUALITY,Read2,ReadPos 38 98% Quantile QV,37
POSITIONAL QUALITY,Read2,ReadPos 38 99% Quantile QV,37
POSITIONAL QUALITY,Read2,ReadPos 39 1% Quantile QV,11
POSITIONAL QUALITY,Read2,ReadPos 39 2% Quantile QV,11
POSITIONAL QUALITY,Read2,ReadPos 39 5% Quantile QV,25
POSITIONAL QUALITY,Read2,ReadPos 39 10% Quantile QV,37
POSITIONAL QUALITY,Read2,ReadPos 39 25% Quantile QV,37
POSITIONAL QUALITY,Read2,ReadPos 39 50% Quantile QV,37
POSITIONAL QUALITY,Read2,ReadPos 39 75% Quantile QV,37
POSITIONAL QUALITY,Read2,ReadPos 39 90% Quantile QV,37
POSITIONAL QUALITY,Read2,ReadPos 39 95% Quantile QV,37
POSITIONAL QUALITY,Read2,ReadPos 39 98% Quantile QV,37
POSITIONAL QUALITY,Read2,ReadPos 39 99% Quantile QV,37
POSITIONAL QUALITY,Read2,ReadPos 40 1% Quantile QV,11
POSITIONAL QUALITY,Read2,ReadPos 40 2% Quantile QV,11
POSITIONAL QUALITY,Read2,ReadPos 40 5% Quantile QV,25
POSITIONAL QUALITY,Read2,ReadPos 40 10% Quantile QV,37
POSITIONAL QUALITY,Read2,ReadPos 40 25% Quantile QV,37
POSITIONAL QUALITY,Read2,ReadPos 40 50% Quantile QV,37
POSITIONAL QUALITY,Read2,ReadPos 40 75% Quantile QV,37
POSITIONAL QUALITY,Read2,ReadPos 40 90% Quantile QV,37
POSITIONAL QUALITY,Read2,ReadPos 40 95% Quantile QV,37
POSITIONAL QUALITY,Read2,ReadPos 40 98% Quantile QV,37
POSITIONAL QUALITY,Read2,ReadPos 40 99% Quantile QV,37
POSITIONAL QUALITY,Read2,ReadPos 41 1% Quantile QV,11
POSITIONAL QUALITY,Read2,ReadPos 41 2% Quantile QV,11
POSITIONAL QUALITY,Read2,ReadPos 41 5% Quantile QV,25
POSITIONAL QUALITY,Read2,ReadPos 41 10% Quantile QV,37
POSITIONAL QUALITY,Read2,ReadPos 41 25% Quantile QV,37
POSITIONAL QUALITY,Read2,ReadPos 41 50% Quantile QV,37
POSITIONAL QUALITY,Read2,ReadPos 41 75% Quantile QV,37
POSITIONAL QUALITY,Read2,ReadPos 41 90% Quantile QV,37
POSITIONAL QUALITY,Read2,ReadPos 41 95% Quantile QV,37
POSITIONAL QUALITY,Read2,ReadPos 41 98% Quantile QV,37
POSITIONAL QUALITY,Read2,ReadPos 41 99% Quantile QV,37
POSITIONAL QUALITY,Read2,ReadPos 42 1% Quantile QV,11
POSITIONAL QUALITY,Read2,ReadPos 42 2% Quantile QV,11
POSITIONAL QUALITY,Read2,ReadPos 42 5% Quantile QV,25
POSITIONAL QUALITY,Read2,ReadPos 42 10% Quantile QV,37
POSITIONAL QUALITY,Read2,ReadPos 42 25% Quantile QV,37
POSITIONAL QUALITY,Read2,ReadPos 42 50% Quantile QV,37
POSITIONAL QUALITY,Read2,ReadPos 42 75% Quantile QV,37
POSITIONAL QUALITY,Read2,ReadPos 42 90% Quantile QV,37
POSITIONAL QUALITY,Read2,ReadPos 42 95% Quantile QV,37
POSITIONAL QUALITY,Read2,ReadPos 42 98% Quantile QV,37
POSITIONAL QUALITY,Read2,ReadPos 42 99% Quantile QV,37
POSITIONAL QUALITY,Read2,ReadPos 43 1% Quantile QV,11
POSITIONAL QUALITY,Read2,ReadPos 43 2% Quantile QV,11
POSITIONAL QUALITY,Read2,ReadPos 43 5% Quantile QV,25
POSITIONAL QUALITY,Read2,ReadPos 43 10% Quantile QV,37
POSITIONAL QUALITY,Read2,ReadPos 43 25% Quantile QV,37
POSITIONAL QUALITY,Read2,ReadPos 43 50% Quantile QV,37
POSITIONAL QUALITY,Read2,ReadPos 43 75% Quantile QV,37
POSITIONAL QUALITY,Read2,ReadPos 43 90% Quantile QV,37
POSITIONAL QUALITY,Read2,ReadPos 43 95% Quantile QV,37
POSITIONAL QUALITY,Read2,ReadPos 43 98% Quantile QV,37
POSITIONAL QUALITY,Read2,ReadPos 43 99% Quantile QV,37
POSITIONAL QUALITY,Read2,ReadPos 44 1% Quantile QV,11
POSITIONAL QUALITY,Read2,ReadPos 44 2% Quantile QV,11
POSITIONAL QUALITY,Read2,ReadPos 44 5% Quantile QV,25
POSITIONAL QUALITY,Read2,ReadPos 44 10% Quantile QV,37
POSITIONAL QUALITY,Read2,ReadPos 44 25% Quantile QV,37
POSITIONAL QUALITY,Read2,ReadPos 44 50% Quantile QV,37
POSITIONAL QUALITY,Read2,ReadPos 44 75% Quantile QV,37
POSITIONAL QUALITY,Read2,ReadPos 44 90% Quantile QV,37
POSITIONAL QUALITY,Read2,ReadPos 44 95% Quantile QV,37
POSITIONAL QUALITY,Read2,ReadPos 44 98% Quantile QV,37
POSITIONAL QUALITY,Read2,ReadPos 44 99% Quantile QV,37
POSITIONAL QUALITY,Read2,ReadPos 45 1% Quantile QV,11
POSITIONAL QUALITY,Read2,ReadPos 45 2% Quantile QV,11
POSITIONAL QUALITY,Read2,ReadPos 45 5% Quantile QV,25
POSITIONAL QUALITY,Read2,ReadPos 45 10% Quantile QV,37
POSITIONAL QUALITY,Read2,ReadPos 45 25% Quantile QV,37
POSITIONAL QUALITY,Read2,ReadPos 45 50% Quantile QV,37
POSITIONAL QUALITY,Read2,ReadPos 45 75% Quantile QV,37
POSITIONAL QUALITY,Read2,ReadPos 45 90% Quantile QV,37
POSITIONAL QUALITY,Read2,ReadPos 45 95% Quantile QV,37
POSITIONAL QUALITY,Read2,ReadPos 45 98% Quantile QV,37
POSITIONAL QUALITY,Read2,ReadPos 45 99% Quantile QV,37
POSITIONAL QUALITY,Read2,ReadPos 46 1% Quantile QV,11
POSITIONAL QUALITY,Read2,ReadPos 46 2% Quantile QV,11
POSITIONAL QUALITY,Read2,ReadPos 46 5% Quantile QV,25
POSITIONAL QUALITY,Read2,ReadPos 46 10% Quantile QV,37
POSITIONAL QUALITY,Read2,ReadPos 46 25% Quantile QV,37
POSITIONAL QUALITY,Read2,ReadPos 46 50% Quantile QV,37
POSITIONAL QUALITY,Read2,ReadPos 46 75% Quantile QV,37
POSITIONAL QUALITY,Read2,ReadPos 46 90% Quantile QV,37
POSITIONAL QUALITY,Read2,ReadPos 46 95% Quantile QV,37
POSITIONAL QUALITY,Read2,ReadPos 46 98% Quantile QV,37
POSITIONAL QUALITY,Read2,ReadPos 46 99% Quantile QV,37
POSITIONAL QUALITY,Read2,ReadPos 47 1% Quantile QV,11
POSITIONAL QUALITY,Read2,ReadPos 47 2% Quantile QV,11
POSITIONAL QUALITY,Read2,ReadPos 47 5% Quantile QV,25
POSITIONAL QUALITY,Read2,ReadPos 47 10% Quantile QV,37
POSITIONAL QUALITY,Read2,ReadPos 47 25% Quantile QV,37
POSITIONAL QUALITY,Read2,ReadPos 47 50% Quantile QV,37
POSITIONAL QUALITY,Read2,ReadPos 47 75% Quantile QV,37
POSITIONAL QUALITY,Read2,ReadPos 47 90% Quantile QV,37
POSITIONAL QUALITY,Read2,ReadPos 47 95% Quantile QV,37
POSITIONAL QUALITY,Read2,ReadPos 47 98% Quantile QV,37
POSITIONAL QUALITY,Read2,ReadPos 47 99% Quantile QV,37
POSITIONAL QUALITY,Read2,ReadPos 48 1% Quantile QV,11
POSITIONAL QUALITY,Read2,ReadPos 48 2% Quantile QV,11
POSITIONAL QUALITY,Read2,ReadPos 48 5% Quantile QV,25
POSITIONAL QUALITY,Read2,ReadPos 48 10% Quantile QV,37
POSITIONAL QUALITY,Read2,ReadPos 48 25% Quantile QV,37
POSITIONAL QUALITY,Read2,ReadPos 48 50% Quantile QV,37
POSITIONAL QUALITY,Read2,ReadPos 48 75% Quantile QV,37
POSITIONAL QUALITY,Read2,ReadPos 48 90% Quantile QV,37
POSITIONAL QUALITY,Read2,ReadPos 48 95% Quantile QV,37
POSITIONAL QUALITY,Read2,ReadPos 48 98% Quantile QV,37
POSITIONAL QUALITY,Read2,ReadPos 48 99% Quantile QV,37
POSITIONAL QUALITY,Read2,ReadPos 49 1% Quantile QV,11
POSITIONAL QUALITY,Read2,ReadPos 49 2% Quantile QV,11
POSITIONAL QUALITY,Read2,ReadPos 49 5% Quantile QV,25
POSITIONAL QUALITY,Read2,ReadPos 49 10% Quantile QV,37
POSITIONAL QUALITY,Read2,ReadPos 49 25% Quantile QV,37
POSITIONAL QUALITY,Read2,ReadPos 49 50% Quantile QV,37
POSITIONAL QUALITY,Read2,ReadPos 49 75% Quantile QV,37
POSITIONAL QUALITY,Read2,ReadPos 49 90% Quantile QV,37
POSITIONAL QUALITY,Read2,ReadPos 49 95% Quantile QV,37
POSITIONAL QUALITY,Read2,ReadPos 49 98% Quantile QV,37
POSITIONAL QUALITY,Read2,ReadPos 49 99% Quantile QV,37
POSITIONAL QUALITY,Read2,ReadPos 50 1% Quantile QV,11
POSITIONAL QUALITY,Read2,ReadPos 50 2% Quantile QV,11
POSITIONAL QUALITY,Read2,ReadPos 50 5% Quantile QV,25
POSITIONAL QUALITY,Read2,ReadPos 50 10% Quantile QV,37
POSITIONAL QUALITY,Read2,ReadPos 50 25% Quantile QV,37
POSITIONAL QUALITY,Read2,ReadPos 50 50% Quantile QV,37
POSITIONAL QUALITY,Read2,ReadPos 50 75% Quantile QV,37
POSITIONAL QUALITY,Read2,ReadPos 50 90% Quantile QV,37
POSITIONAL QUALITY,Read2,ReadPos 50 95% Quantile QV,37
POSITIONAL QUALITY,Read2,ReadPos 50 98% Quantile QV,37
POSITIONAL QUALITY,Read2,ReadPos 50 99% Quantile QV,37
POSITIONAL QUALITY,Read2,ReadPos 51 1% Quantile QV,11
POSITIONAL QUALITY,Read2,ReadPos 51 2% Quantile QV,11
POSITIONAL QUALITY,Read2,ReadPos 51 5% Quantile QV,25
POSITIONAL QUALITY,Read2,ReadPos 51 10% Quantile QV,37
POSITIONAL QUALITY,Read2,ReadPos 51 25% Quantile QV,37
POSITIONAL QUALITY,Read2,ReadPos 51 50% Quantile QV,37
POSITIONAL QUALITY,Read2,ReadPos 51 75% Quantile QV,37
POSITIONAL QUALITY,Read2,ReadPos 51 90% Quantile QV,37
POSITIONAL QUALITY,Read2,ReadPos 51 95% Quantile QV,37
POSITIONAL QUALITY,Read2,ReadPos 51 98% Quantile QV,37
POSITIONAL QUALITY,Read2,ReadPos 51 99% Quantile QV,37
POSITIONAL QUALITY,Read2,ReadPos 52 1% Quantile QV,11
POSITIONAL QUALITY,Read2,ReadPos 52 2% Quantile QV,11
POSITIONAL QUALITY,Read2,ReadPos 52 5% Quantile QV,25
POSITIONAL QUALITY,Read2,ReadPos 52 10% Quantile QV,37
POSITIONAL QUALITY,Read2,ReadPos 52 25% Quantile QV,37
POSITIONAL QUALITY,Read2,ReadPos 52 50% Quantile QV,37
POSITIONAL QUALITY,Read2,ReadPos 52 75% Quantile QV,37
POSITIONAL QUALITY,Read2,ReadPos 52 90% Quantile QV,37
POSITIONAL QUALITY,Read2,ReadPos 52 95% Quantile QV,37
POSITIONAL QUALITY,Read2,ReadPos 52 98% Quantile QV,37
POSITIONAL QUALITY,Read2,ReadPos 52 99% Quantile QV,37
POSITIONAL QUALITY,Read2,ReadPos 53 1% Quantile QV,11
POSITIONAL QUALITY,Read2,ReadPos 53 2% Quantile QV,11
POSITIONAL QUALITY,Read2,ReadPos 53 5% Quantile QV,25
POSITIONAL QUALITY,Read2,ReadPos 53 10% Quantile QV,37
POSITIONAL QUALITY,Read2,ReadPos 53 25% Quantile QV,37
POSITIONAL QUALITY,Read2,ReadPos 53 50% Quantile QV,37
POSITIONAL QUALITY,Read2,ReadPos 53 75% Quantile QV,37
POSITIONAL QUALITY,Read2,ReadPos 53 90% Quantile QV,37
POSITIONAL QUALITY,Read2,ReadPos 53 95% Quantile QV,37
POSITIONAL QUALITY,Read2,ReadPos 53 98% Quantile QV,37
POSITIONAL QUALITY,Read2,ReadPos 53 99% Quantile QV,37
POSITIONAL QUALITY,Read2,ReadPos 54 1% Quantile QV,11
POSITIONAL QUALITY,Read2,ReadPos 54 2% Quantile QV,11
POSITIONAL QUALITY,Read2,ReadPos 54 5% Quantile QV,25
POSITIONAL QUALITY,Read2,ReadPos 54 10% Quantile QV,37
POSITIONAL QUALITY,Read2,ReadPos 54 25% Quantile QV,37
POSITIONAL QUALITY,Read2,ReadPos 54 50% Quantile QV,37
POSITIONAL QUALITY,Read2,ReadPos 54 75% Quantile QV,37
POSITIONAL QUALITY,Read2,ReadPos 54 90% Quantile QV,37
POSITIONAL QUALITY,Read2,ReadPos 54 95% Quantile QV,37
POSITIONAL QUALITY,Read2,ReadPos 54 98% Quantile QV,37
POSITIONAL QUALITY,Read2,ReadPos 54 99% Quantile QV,37
POSITIONAL QUALITY,Read2,ReadPos 55 1% Quantile QV,11
POSITIONAL QUALITY,Read2,ReadPos 55 2% Quantile QV,11
POSITIONAL QUALITY,Read2,ReadPos 55 5% Quantile QV,25
POSITIONAL QUALITY,Read2,ReadPos 55 10% Quantile QV,37
POSITIONAL QUALITY,Read2,ReadPos 55 25% Quantile QV,37
POSITIONAL QUALITY,Read2,ReadPos 55 50% Quantile QV,37
POSITIONAL QUALITY,Read2,ReadPos 55 75% Quantile QV,37
POSITIONAL QUALITY,Read2,ReadPos 55 90% Quantile QV,37
POSITIONAL QUALITY,Read2,ReadPos 55 95% Quantile QV,37
POSITIONAL QUALITY,Read2,ReadPos 55 98% Quantile QV,37
POSITIONAL QUALITY,Read2,ReadPos 55 99% Quantile QV,37
POSITIONAL QUALITY,Read2,ReadPos 56 1% Quantile QV,11
POSITIONAL QUALITY,Read2,ReadPos 56 2% Quantile QV,11
POSITIONAL QUALITY,Read2,ReadPos 56 5% Quantile QV,25
POSITIONAL QUALITY,Read2,ReadPos 56 10% Quantile QV,37
POSITIONAL QUALITY,Read2,ReadPos 56 25% Quantile QV,37
POSITIONAL QUALITY,Read2,ReadPos 56 50% Quantile QV,37
POSITIONAL QUALITY,Read2,ReadPos 56 75% Quantile QV,37
POSITIONAL QUALITY,Read2,ReadPos 56 90% Quantile QV,37
POSITIONAL QUALITY,Read2,ReadPos 56 95% Quantile QV,37
POSITIONAL QUALITY,Read2,ReadPos 56 98% Quantile QV,37
POSITIONAL QUALITY,Read2,ReadPos 56 99% Quantile QV,37
POSITIONAL QUALITY,Read2,ReadPos 57 1% Quantile QV,11
POSITIONAL QUALITY,Read2,ReadPos 57 2% Quantile QV,11
POSITIONAL QUALITY,Read2,ReadPos 57 5% Quantile QV,25
POSITIONAL QUALITY,Read2,ReadPos 57 10% Quantile QV,37
POSITIONAL QUALITY,Read2,ReadPos 57 25% Quantile QV,37
POSITIONAL QUALITY,Read2,ReadPos 57 50% Quantile QV,37
POSITIONAL QUALITY,Read2,ReadPos 57 75% Quantile QV,37
POSITIONAL QUALITY,Read2,ReadPos 57 90% Quantile QV,37
POSITIONAL QUALITY,Read2,ReadPos 57 95% Quantile QV,37
POSITIONAL QUALITY,Read2,ReadPos 57 98% Quantile QV,37
POSITIONAL QUALITY,Read2,ReadPos 57 99% Quantile QV,37
POSITIONAL QUALITY,Read2,ReadPos 58 1% Quantile QV,11
POSITIONAL QUALITY,Read2,ReadPos 58 2% Quantile QV,11
POSITIONAL QUALITY,Read2,ReadPos 58 5% Quantile QV,25
POSITIONAL QUALITY,Read2,ReadPos 58 10% Quantile QV,37
POSITIONAL QUALITY,Read2,ReadPos 58 25% Quantile QV,37
POSITIONAL QUALITY,Read2,ReadPos 58 50% Quantile QV,37
POSITIONAL QUALITY,Read2,ReadPos 58 75% Quantile QV,37
POSITIONAL QUALITY,Read2,ReadPos 58 90% Quantile QV,37
POSITIONAL QUALITY,Read2,ReadPos 58 95% Quantile QV,37
POSITIONAL QUALITY,Read2,ReadPos 58 98% Quantile QV,37
POSITIONAL QUALITY,Read2,ReadPos 58 99% Quantile QV,37
POSITIONAL QUALITY,Read2,ReadPos 59 1% Quantile QV,11
POSITIONAL QUALITY,Read2,ReadPos 59 2% Quantile QV,11
POSITIONAL QUALITY,Read2,ReadPos 59 5% Quantile QV,25
POSITIONAL QUALITY,Read2,ReadPos 59 10% Quantile QV,37
POSITIONAL QUALITY,Read2,ReadPos 59 25% Quantile QV,37
POSITIONAL QUALITY,Read2,ReadPos 59 50% Quantile QV,37
POSITIONAL QUALITY,Read2,ReadPos 59 75% Quantile QV,37
POSITIONAL QUALITY,Read2,ReadPos 59 90% Quantile QV,37
POSITIONAL QUALITY,Read2,ReadPos 59 95% Quantile QV,37
POSITIONAL QUALITY,Read2,ReadPos 59 98% Quantile QV,37
POSITIONAL QUALITY,Read2,ReadPos 59 99% Quantile QV,37
POSITIONAL QUALITY,Read2,ReadPos 60 1% Quantile QV,11
POSITIONAL QUALITY,Read2,ReadPos 60 2% Quantile QV,11
POSITIONAL QUALITY,Read2,ReadPos 60 5% Quantile QV,25
POSITIONAL QUALITY,Read2,ReadPos 60 10% Quantile QV,37
POSITIONAL QUALITY,Read2,ReadPos 60 25% Quantile QV,37
POSITIONAL QUALITY,Read2,ReadPos 60 50% Quantile QV,37
POSITIONAL QUALITY,Read2,ReadPos 60 75% Quantile QV,37
POSITIONAL QUALITY,Read2,ReadPos 60 90% Quantile QV,37
POSITIONAL QUALITY,Read2,ReadPos 60 95% Quantile QV,37
POSITIONAL QUALITY,Read2,ReadPos 60 98% Quantile QV,37
POSITIONAL QUALITY,Read2,ReadPos 60 99% Quantile QV,37
POSITIONAL QUALITY,Read2,ReadPos 61 1% Quantile QV,11
POSITIONAL QUALITY,Read2,ReadPos 61 2% Quantile QV,11
POSITIONAL QUALITY,Read2,ReadPos 61 5% Quantile QV,25
POSITIONAL QUALITY,Read2,ReadPos 61 10% Quantile QV,37
POSITIONAL QUALITY,Read2,ReadPos 61 25% Quantile QV,37
POSITIONAL QUALITY,Read2,ReadPos 61 50% Quantile QV,37
POSITIONAL QUALITY,Read2,ReadPos 61 75% Quantile QV,37
POSITIONAL QUALITY,Read2,ReadPos 61 90% Quantile QV,37
POSITIONAL QUALITY,Read2,ReadPos 61 95% Quantile QV,37
POSITIONAL QUALITY,Read2,ReadPos 61 98% Quantile QV,37
POSITIONAL QUALITY,Read2,ReadPos 61 99% Quantile QV,37
POSITIONAL QUALITY,Read2,ReadPos 62 1% Quantile QV,11
POSITIONAL QUALITY,Read2,ReadPos 62 2% Quantile QV,11
POSITIONAL QUALITY,Read2,ReadPos 62 5% Quantile QV,25
POSITIONAL QUALITY,Read2,ReadPos 62 10% Quantile QV,37
POSITIONAL QUALITY,Read2,ReadPos 62 25% Quantile QV,37
POSITIONAL QUALITY,Read2,ReadPos 62 50% Quantile QV,37
POSITIONAL QUALITY,Read2,ReadPos 62 75% Quantile QV,37
POSITIONAL QUALITY,Read2,ReadPos 62 90% Quantile QV,37
POSITIONAL QUALITY,Read2,ReadPos 62 95% Quantile QV,37
POSITIONAL QUALITY,Read2,ReadPos 62 98% Quantile QV,37
POSITIONAL QUALITY,Read2,ReadPos 62 99% Quantile QV,37
POSITIONAL QUALITY,Read2,ReadPos 63 1% Quantile QV,11
POSITIONAL QUALITY,Read2,ReadPos 63 2% Quantile QV,11
POSITIONAL QUALITY,Read2,ReadPos 63 5% Quantile QV,25
POSITIONAL QUALITY,Read2,ReadPos 63 10% Quantile QV,37
POSITIONAL QUALITY,Read2,ReadPos 63 25% Quantile QV,37
POSITIONAL QUALITY,Read2,ReadPos 63 50% Quantile QV,37
POSITIONAL QUALITY,Read2,ReadPos 63 75% Quantile QV,37
POSITIONAL QUALITY,Read2,ReadPos 63 90% Quantile QV,37
POSITIONAL QUALITY,Read2,ReadPos 63 95% Quantile QV,37
POSITIONAL QUALITY,Read2,ReadPos 63 98% Quantile QV,37
POSITIONAL QUALITY,Read2,ReadPos 63 99% Quantile QV,37
POSITIONAL QUALITY,Read2,ReadPos 64 1% Quantile QV,11
POSITIONAL QUALITY,Read2,ReadPos 64 2% Quantile QV,11
POSITIONAL QUALITY,Read2,ReadPos 64 5% Quantile QV,25
POSITIONAL QUALITY,Read2,ReadPos 64 10% Quantile QV,37
POSITIONAL QUALITY,Read2,ReadPos 64 25% Quantile QV,37
POSITIONAL QUALITY,Read2,ReadPos 64 50% Quantile QV,37
POSITIONAL QUALITY,Read2,ReadPos 64 75% Quantile QV,37
POSITIONAL QUALITY,Read2,ReadPos 64 90% Quantile QV,37
POSITIONAL QUALITY,Read2,ReadPos 64 95% Quantile QV,37
POSITIONAL QUALITY,Read2,ReadPos 64 98% Quantile QV,37
POSITIONAL QUALITY,Read2,ReadPos 64 99% Quantile QV,37
POSITIONAL QUALITY,Read2,ReadPos 65 1% Quantile QV,11
POSITIONAL QUALITY,Read2,ReadPos 65 2% Quantile QV,11
POSITIONAL QUALITY,Read2,ReadPos 65 5% Quantile QV,25
POSITIONAL QUALITY,Read2,ReadPos 65 10% Quantile QV,37
POSITIONAL QUALITY,Read2,ReadPos 65 25% Quantile QV,37
POSITIONAL QUALITY,Read2,ReadPos 65 50% Quantile QV,37
POSITIONAL QUALITY,Read2,ReadPos 65 75% Quantile QV,37
POSITIONAL QUALITY,Read2,ReadPos 65 90% Quantile QV,37
POSITIONAL QUALITY,Read2,ReadPos 65 95% Quantile QV,37
POSITIONAL QUALITY,Read2,ReadPos 65 98% Quantile QV,37
POSITIONAL QUALITY,Read2,ReadPos 65 99% Quantile QV,37
POSITIONAL QUALITY,Read2,ReadPos 66 1% Quantile QV,11
POSITIONAL QUALITY,Read2,ReadPos 66 2% Quantile QV,11
POSITIONAL QUALITY,Read2,ReadPos 66 5% Quantile QV,25
POSITIONAL QUALITY,Read2,ReadPos 66 10% Quantile QV,37
POSITIONAL QUALITY,Read2,ReadPos 66 25% Quantile QV,37
POSITIONAL QUALITY,Read2,ReadPos 66 50% Quantile QV,37
POSITIONAL QUALITY,Read2,ReadPos 66 75% Quantile QV,37
POSITIONAL QUALITY,Read2,ReadPos 66 90% Quantile QV,37
POSITIONAL QUALITY,Read2,ReadPos 66 95% Quantile QV,37
POSITIONAL QUALITY,Read2,ReadPos 66 98% Quantile QV,37
POSITIONAL QUALITY,Read2,ReadPos 66 99% Quantile QV,37
POSITIONAL QUALITY,Read2,ReadPos 67 1% Quantile QV,11
POSITIONAL QUALITY,Read2,ReadPos 67 2% Quantile QV,11
POSITIONAL QUALITY,Read2,ReadPos 67 5% Quantile QV,25
POSITIONAL QUALITY,Read2,ReadPos 67 10% Quantile QV,37
POSITIONAL QUALITY,Read2,ReadPos 67 25% Quantile QV,37
POSITIONAL QUALITY,Read2,ReadPos 67 50% Quantile QV,37
POSITIONAL QUALITY,Read2,ReadPos 67 75% Quantile QV,37
POSITIONAL QUALITY,Read2,ReadPos 67 90% Quantile QV,37
POSITIONAL QUALITY,Read2,ReadPos 67 95% Quantile QV,37
POSITIONAL QUALITY,Read2,ReadPos 67 98% Quantile QV,37
POSITIONAL QUALITY,Read2,ReadPos 67 99% Quantile QV,37
POSITIONAL QUALITY,Read2,ReadPos 68 1% Quantile QV,11
POSITIONAL QUALITY,Read2,ReadPos 68 2% Quantile QV,11
POSITIONAL QUALITY,Read2,ReadPos 68 5% Quantile QV,25
POSITIONAL QUALITY,Read2,ReadPos 68 10% Quantile QV,37
POSITIONAL QUALITY,Read2,ReadPos 68 25% Quantile QV,37
POSITIONAL QUALITY,Read2,ReadPos 68 50% Quantile QV,37
POSITIONAL QUALITY,Read2,ReadPos 68 75% Quantile QV,37
POSITIONAL QUALITY,Read2,ReadPos 68 90% Quantile QV,37
POSITIONAL QUALITY,Read2,ReadPos 68 95% Quantile QV,37
POSITIONAL QUALITY,Read2,ReadPos 68 98% Quantile QV,37
POSITIONAL QUALITY,Read2,ReadPos 68 99% Quantile QV,37
POSITIONAL QUALITY,Read2,ReadPos 69 1% Quantile QV,11
POSITIONAL QUALITY,Read2,ReadPos 69 2% Quantile QV,11
POSITIONAL QUALITY,Read2,ReadPos 69 5% Quantile QV,25
POSITIONAL QUALITY,Read2,ReadPos 69 10% Quantile QV,37
POSITIONAL QUALITY,Read2,ReadPos 69 25% Quantile QV,37
POSITIONAL QUALITY,Read2,ReadPos 69 50% Quantile QV,37
POSITIONAL QUALITY,Read2,ReadPos 69 75% Quantile QV,37
POSITIONAL QUALITY,Read2,ReadPos 69 90% Quantile QV,37
POSITIONAL QUALITY,Read2,ReadPos 69 95% Quantile QV,37
POSITIONAL QUALITY,Read2,ReadPos 69 98% Quantile QV,37
POSITIONAL QUALITY,Read2,ReadPos 69 99% Quantile QV,37
POSITIONAL QUALITY,Read2,ReadPos 70 1% Quantile QV,11
POSITIONAL QUALITY,Read2,ReadPos 70 2% Quantile QV,11
POSITIONAL QUALITY,Read2,ReadPos 70 5% Quantile QV,25
POSITIONAL QUALITY,Read2,ReadPos 70 10% Quantile QV,37
POSITIONAL QUALITY,Read2,ReadPos 70 25% Quantile QV,37
POSITIONAL QUALITY,Read2,ReadPos 70 50% Quantile QV,37
POSITIONAL QUALITY,Read2,ReadPos 70 75% Quantile QV,37
POSITIONAL QUALITY,Read2,ReadPos 70 90% Quantile QV,37
POSITIONAL QUALITY,Read2,ReadPos 70 95% Quantile QV,37
POSITIONAL QUALITY,Read2,ReadPos 70 98% Quantile QV,37
POSITIONAL QUALITY,Read2,ReadPos 70 99% Quantile QV,37
POSITIONAL QUALITY,Read2,ReadPos 71 1% Quantile QV,11
POSITIONAL QUALITY,Read2,ReadPos 71 2% Quantile QV,11
POSITIONAL QUALITY,Read2,ReadPos 71 5% Quantile QV,25
POSITIONAL QUALITY,Read2,ReadPos 71 10% Quantile QV,37
POSITIONAL QUALITY,Read2,ReadPos 71 25% Quantile QV,37
POSITIONAL QUALITY,Read2,ReadPos 71 50% Quantile QV,37
POSITIONAL QUALITY,Read2,ReadPos 71 75% Quantile QV,37
POSITIONAL QUALITY,Read2,ReadPos 71 90% Quantile QV,37
POSITIONAL QUALITY,Read2,ReadPos 71 95% Quantile QV,37
POSITIONAL QUALITY,Read2,ReadPos 71 98% Quantile QV,37
POSITIONAL QUALITY,Read2,ReadPos 71 99% Quantile QV,37
POSITIONAL QUALITY,Read2,ReadPos 72 1% Quantile QV,11
POSITIONAL QUALITY,Read2,ReadPos 72 2% Quantile QV,11
POSITIONAL QUALITY,Read2,ReadPos 72 5% Quantile QV,25
POSITIONAL QUALITY,Read2,ReadPos 72 10% Quantile QV,37
POSITIONAL QUALITY,Read2,ReadPos 72 25% Quantile QV,37
POSITIONAL QUALITY,Read2,ReadPos 72 50% Quantile QV,37
POSITIONAL QUALITY,Read2,ReadPos 72 75% Quantile QV,37
POSITIONAL QUALITY,Read2,ReadPos 72 90% Quantile QV,37
POSITIONAL QUALITY,Read2,ReadPos 72 95% Quantile QV,37
POSITIONAL QUALITY,Read2,ReadPos 72 98% Quantile QV,37
POSITIONAL QUALITY,Read2,ReadPos 72 99% Quantile QV,37
POSITIONAL QUALITY,Read2,ReadPos 73 1% Quantile QV,11
POSITIONAL QUALITY,Read2,ReadPos 73 2% Quantile QV,11
POSITIONAL QUALITY,Read2,ReadPos 73 5% Quantile QV,25
POSITIONAL QUALITY,Read2,ReadPos 73 10% Quantile QV,37
POSITIONAL QUALITY,Read2,ReadPos 73 25% Quantile QV,37
POSITIONAL QUALITY,Read2,ReadPos 73 50% Quantile QV,37
POSITIONAL QUALITY,Read2,ReadPos 73 75% Quantile QV,37
POSITIONAL QUALITY,Read2,ReadPos 73 90% Quantile QV,37
POSITIONAL QUALITY,Read2,ReadPos 73 95% Quantile QV,37
POSITIONAL QUALITY,Read2,ReadPos 73 98% Quantile QV,37
POSITIONAL QUALITY,Read2,ReadPos 73 99% Quantile QV,37
POSITIONAL QUALITY,Read2,ReadPos 74 1% Quantile QV,11
POSITIONAL QUALITY,Read2,ReadPos 74 2% Quantile QV,11
POSITIONAL QUALITY,Read2,ReadPos 74 5% Quantile QV,25
POSITIONAL QUALITY,Read2,ReadPos 74 10% Quantile QV,37
POSITIONAL QUALITY,Read2,ReadPos 74 25% Quantile QV,37
POSITIONAL QUALITY,Read2,ReadPos 74 50% Quantile QV,37
POSITIONAL QUALITY,Read2,ReadPos 74 75% Quantile QV,37
POSITIONAL QUALITY,Read2,ReadPos 74 90% Quantile QV,37
POSITIONAL QUALITY,Read2,ReadPos 74 95% Quantile QV,37
POSITIONAL QUALITY,Read2,ReadPos 74 98% Quantile QV,37
POSITIONAL QUALITY,Read2,ReadPos 74 99% Quantile QV,37
POSITIONAL QUALITY,Read2,ReadPos 75 1% Quantile QV,11
POSITIONAL QUALITY,Read2,ReadPos 75 2% Quantile QV,11
POSITIONAL QUALITY,Read2,ReadPos 75 5% Quantile QV,25
POSITIONAL QUALITY,Read2,ReadPos 75 10% Quantile QV,37
POSITIONAL QUALITY,Read2,ReadPos 75 25% Quantile QV,37
POSITIONAL QUALITY,Read2,ReadPos 75 50% Quantile QV,37
POSITIONAL QUALITY,Read2,ReadPos 75 75% Quantile QV,37
POSITIONAL QUALITY,Read2,ReadPos 75 90% Quantile QV,37
POSITIONAL QUALITY,Read2,ReadPos 75 95% Quantile QV,37
POSITIONAL QUALITY,Read2,ReadPos 75 98% Quantile QV,37
POSITIONAL QUALITY,Read2,ReadPos 75 99% Quantile QV,37
POSITIONAL QUALITY,Read2,ReadPos 76 1% Quantile QV,11
POSITIONAL QUALITY,Read2,ReadPos 76 2% Quantile QV,11
POSITIONAL QUALITY,Read2,ReadPos 76 5% Quantile QV,25
POSITIONAL QUALITY,Read2,ReadPos 76 10% Quantile QV,37
POSITIONAL QUALITY,Read2,ReadPos 76 25% Quantile QV,37
POSITIONAL QUALITY,Read2,ReadPos 76 50% Quantile QV,37
POSITIONAL QUALITY,Read2,ReadPos 76 75% Quantile QV,37
POSITIONAL QUALITY,Read2,ReadPos 76 90% Quantile QV,37
POSITIONAL QUALITY,Read2,ReadPos 76 95% Quantile QV,37
POSITIONAL QUALITY,Read2,ReadPos 76 98% Quantile QV,37
POSITIONAL QUALITY,Read2,ReadPos 76 99% Quantile QV,37
POSITIONAL QUALITY,Read2,ReadPos 77 1% Quantile QV,11
POSITIONAL QUALITY,Read2,ReadPos 77 2% Quantile QV,11
POSITIONAL QUALITY,Read2,ReadPos 77 5% Quantile QV,25
POSITIONAL QUALITY,Read2,ReadPos 77 10% Quantile QV,37
POSITIONAL QUALITY,Read2,ReadPos 77 25% Quantile QV,37
POSITIONAL QUALITY,Read2,ReadPos 77 50% Quantile QV,37
POSITIONAL QUALITY,Read2,ReadPos 77 75% Quantile QV,37
POSITIONAL QUALITY,Read2,ReadPos 77 90% Quantile QV,37
POSITIONAL QUALITY,Read2,ReadPos 77 95% Quantile QV,37
POSITIONAL QUALITY,Read2,ReadPos 77 98% Quantile QV,37
POSITIONAL QUALITY,Read2,ReadPos 77 99% Quantile QV,37
POSITIONAL QUALITY,Read2,ReadPos 78 1% Quantile QV,11
POSITIONAL QUALITY,Read2,ReadPos 78 2% Quantile QV,11
POSITIONAL QUALITY,Read2,ReadPos 78 5% Quantile QV,25
POSITIONAL QUALITY,Read2,ReadPos 78 10% Quantile QV,37
POSITIONAL QUALITY,Read2,ReadPos 78 25% Quantile QV,37
POSITIONAL QUALITY,Read2,ReadPos 78 50% Quantile QV,37
POSITIONAL QUALITY,Read2,ReadPos 78 75% Quantile QV,37
POSITIONAL QUALITY,Read2,ReadPos 78 90% Quantile QV,37
POSITIONAL QUALITY,Read2,ReadPos 78 95% Quantile QV,37
POSITIONAL QUALITY,Read2,ReadPos 78 98% Quantile QV,37
POSITIONAL QUALITY,Read2,ReadPos 78 99% Quantile QV,37
POSITIONAL QUALITY,Read2,ReadPos 79 1% Quantile QV,11
POSITIONAL QUALITY,Read2,ReadPos 79 2% Quantile QV,11
POSITIONAL QUALITY,Read2,ReadPos 79 5% Quantile QV,25
POSITIONAL QUALITY,Read2,ReadPos 79 10% Quantile QV,37
POSITIONAL QUALITY,Read2,ReadPos 79 25% Quantile QV,37
POSITIONAL QUALITY,Read2,ReadPos 79 50% Quantile QV,37
POSITIONAL QUALITY,Read2,ReadPos 79 75% Quantile QV,37
POSITIONAL QUALITY,Read2,ReadPos 79 90% Quantile QV,37
POSITIONAL QUALITY,Read2,ReadPos 79 95% Quantile QV,37
POSITIONAL QUALITY,Read2,ReadPos 79 98% Quantile QV,37
POSITIONAL QUALITY,Read2,ReadPos 79 99% Quantile QV,37
POSITIONAL QUALITY,Read2,ReadPos 80 1% Quantile QV,11
POSITIONAL QUALITY,Read2,ReadPos 80 2% Quantile QV,11
POSITIONAL QUALITY,Read2,ReadPos 80 5% Quantile QV,25
POSITIONAL QUALITY,Read2,ReadPos 80 10% Quantile QV,37
POSITIONAL QUALITY,Read2,ReadPos 80 25% Quantile QV,37
POSITIONAL QUALITY,Read2,ReadPos 80 50% Quantile QV,37
POSITIONAL QUALITY,Read2,ReadPos 80 75% Quantile QV,37
POSITIONAL QUALITY,Read2,ReadPos 80 90% Quantile QV,37
POSITIONAL QUALITY,Read2,ReadPos 80 95% Quantile QV,37
POSITIONAL QUALITY,Read2,ReadPos 80 98% Quantile QV,37
POSITIONAL QUALITY,Read2,ReadPos 80 99% Quantile QV,37
POSITIONAL QUALITY,Read2,ReadPos 81 1% Quantile QV,11
POSITIONAL QUALITY,Read2,ReadPos 81 2% Quantile QV,11
POSITIONAL QUALITY,Read2,ReadPos 81 5% Quantile QV,25
POSITIONAL QUALITY,Read2,ReadPos 81 10% Quantile QV,37
POSITIONAL QUALITY,Read2,ReadPos 81 25% Quantile QV,37
POSITIONAL QUALITY,Read2,ReadPos 81 50% Quantile QV,37
POSITIONAL QUALITY,Read2,ReadPos 81 75% Quantile QV,37
POSITIONAL QUALITY,Read2,ReadPos 81 90% Quantile QV,37
POSITIONAL QUALITY,Read2,ReadPos 81 95% Quantile QV,37
POSITIONAL QUALITY,Read2,ReadPos 81 98% Quantile QV,37
POSITIONAL QUALITY,Read2,ReadPos 81 99% Quantile QV,37
POSITIONAL QUALITY,Read2,ReadPos 82 1% Quantile QV,11
POSITIONAL QUALITY,Read2,ReadPos 82 2% Quantile QV,11
POSITIONAL QUALITY,Read2,ReadPos 82 5% Quantile QV,25
POSITIONAL QUALITY,Read2,ReadPos 82 10% Quantile QV,37
POSITIONAL QUALITY,Read2,ReadPos 82 25% Quantile QV,37
POSITIONAL QUALITY,Read2,ReadPos 82 50% Quantile QV,37
POSITIONAL QUALITY,Read2,ReadPos 82 75% Quantile QV,37
POSITIONAL QUALITY,Read2,ReadPos 82 90% Quantile QV,37
POSITIONAL QUALITY,Read2,ReadPos 82 95% Quantile QV,37
POSITIONAL QUALITY,Read2,ReadPos 82 98% Quantile QV,37
POSITIONAL QUALITY,Read2,ReadPos 82 99% Quantile QV,37
POSITIONAL QUALITY,Read2,ReadPos 83 1% Quantile QV,11
POSITIONAL QUALITY,Read2,ReadPos 83 2% Quantile QV,11
POSITIONAL QUALITY,Read2,ReadPos 83 5% Quantile QV,25
POSITIONAL QUALITY,Read2,ReadPos 83 10% Quantile QV,37
POSITIONAL QUALITY,Read2,ReadPos 83 25% Quantile QV,37
POSITIONAL QUALITY,Read2,ReadPos 83 50% Quantile QV,37
POSITIONAL QUALITY,Read2,ReadPos 83 75% Quantile QV,37
POSITIONAL QUALITY,Read2,ReadPos 83 90% Quantile QV,37
POSITIONAL QUALITY,Read2,ReadPos 83 95% Quantile QV,37
POSITIONAL QUALITY,Read2,ReadPos 83 98% Quantile QV,37
POSITIONAL QUALITY,Read2,ReadPos 83 99% Quantile QV,37
POSITIONAL QUALITY,Read2,ReadPos 84 1% Quantile QV,11
POSITIONAL QUALITY,Read2,ReadPos 84 2% Quantile QV,11
POSITIONAL QUALITY,Read2,ReadPos 84 5% Quantile QV,25
POSITIONAL QUALITY,Read2,ReadPos 84 10% Quantile QV,37
POSITIONAL QUALITY,Read2,ReadPos 84 25% Quantile QV,37
POSITIONAL QUALITY,Read2,ReadPos 84 50% Quantile QV,37
POSITIONAL QUALITY,Read2,ReadPos 84 75% Quantile QV,37
POSITIONAL QUALITY,Read2,ReadPos 84 90% Quantile QV,37
POSITIONAL QUALITY,Read2,ReadPos 84 95% Quantile QV,37
POSITIONAL QUALITY,Read2,ReadPos 84 98% Quantile QV,37
POSITIONAL QUALITY,Read2,ReadPos 84 99% Quantile QV,37
POSITIONAL QUALITY,Read2,ReadPos 85 1% Quantile QV,11
POSITIONAL QUALITY,Read2,ReadPos 85 2% Quantile QV,11
POSITIONAL QUALITY,Read2,ReadPos 85 5% Quantile QV,25
POSITIONAL QUALITY,Read2,ReadPos 85 10% Quantile QV,37
POSITIONAL QUALITY,Read2,ReadPos 85 25% Quantile QV,37
POSITIONAL QUALITY,Read2,ReadPos 85 50% Quantile QV,37
POSITIONAL QUALITY,Read2,ReadPos 85 75% Quantile QV,37
POSITIONAL QUALITY,Read2,ReadPos 85 90% Quantile QV,37
POSITIONAL QUALITY,Read2,ReadPos 85 95% Quantile QV,37
POSITIONAL QUALITY,Read2,ReadPos 85 98% Quantile QV,37
POSITIONAL QUALITY,Read2,ReadPos 85 99% Quantile QV,37
POSITIONAL QUALITY,Read2,ReadPos 86 1% Quantile QV,11
POSITIONAL QUALITY,Read2,ReadPos 86 2% Quantile QV,11
POSITIONAL QUALITY,Read2,ReadPos 86 5% Quantile QV,25
POSITIONAL QUALITY,Read2,ReadPos 86 10% Quantile QV,37
POSITIONAL QUALITY,Read2,ReadPos 86 25% Quantile QV,37
POSITIONAL QUALITY,Read2,ReadPos 86 50% Quantile QV,37
POSITIONAL QUALITY,Read2,ReadPos 86 75% Quantile QV,37
POSITIONAL QUALITY,Read2,ReadPos 86 90% Quantile QV,37
POSITIONAL QUALITY,Read2,ReadPos 86 95% Quantile QV,37
POSITIONAL QUALITY,Read2,ReadPos 86 98% Quantile QV,37
POSITIONAL QUALITY,Read2,ReadPos 86 99% Quantile QV,37
POSITIONAL QUALITY,Read2,ReadPos 87 1% Quantile QV,11
POSITIONAL QUALITY,Read2,ReadPos 87 2% Quantile QV,11
POSITIONAL QUALITY,Read2,ReadPos 87 5% Quantile QV,25
POSITIONAL QUALITY,Read2,ReadPos 87 10% Quantile QV,37
POSITIONAL QUALITY,Read2,ReadPos 87 25% Quantile QV,37
POSITIONAL QUALITY,Read2,ReadPos 87 50% Quantile QV,37
POSITIONAL QUALITY,Read2,ReadPos 87 75% Quantile QV,37
POSITIONAL QUALITY,Read2,ReadPos 87 90% Quantile QV,37
POSITIONAL QUALITY,Read2,ReadPos 87 95% Quantile QV,37
POSITIONAL QUALITY,Read2,ReadPos 87 98% Quantile QV,37
POSITIONAL QUALITY,Read2,ReadPos 87 99% Quantile QV,37
POSITIONAL QUALITY,Read2,ReadPos 88 1% Quantile QV,11
POSITIONAL QUALITY,Read2,ReadPos 88 2% Quantile QV,11
POSITIONAL QUALITY,Read2,ReadPos 88 5% Quantile QV,25
POSITIONAL QUALITY,Read2,ReadPos 88 10% Quantile QV,37
POSITIONAL QUALITY,Read2,ReadPos 88 25% Quantile QV,37
POSITIONAL QUALITY,Read2,ReadPos 88 50% Quantile QV,37
POSITIONAL QUALITY,Read2,ReadPos 88 75% Quantile QV,37
POSITIONAL QUALITY,Read2,ReadPos 88 90% Quantile QV,37
POSITIONAL QUALITY,Read2,ReadPos 88 95% Quantile QV,37
POSITIONAL QUALITY,Read2,ReadPos 88 98% Quantile QV,37
POSITIONAL QUALITY,Read2,ReadPos 88 99% Quantile QV,37
POSITIONAL QUALITY,Read2,ReadPos 89 1% Quantile QV,11
POSITIONAL QUALITY,Read2,ReadPos 89 2% Quantile QV,11
POSITIONAL QUALITY,Read2,ReadPos 89 5% Quantile QV,25
POSITIONAL QUALITY,Read2,ReadPos 89 10% Quantile QV,37
POSITIONAL QUALITY,Read2,ReadPos 89 25% Quantile QV,37
POSITIONAL QUALITY,Read2,ReadPos 89 50% Quantile QV,37
POSITIONAL QUALITY,Read2,ReadPos 89 75% Quantile QV,37
POSITIONAL QUALITY,Read2,ReadPos 89 90% Quantile QV,37
POSITIONAL QUALITY,Read2,ReadPos 89 95% Quantile QV,37
POSITIONAL QUALITY,Read2,ReadPos 89 98% Quantile QV,37
POSITIONAL QUALITY,Read2,ReadPos 89 99% Quantile QV,37
POSITIONAL QUALITY,Read2,ReadPos 90 1% Quantile QV,11
POSITIONAL QUALITY,Read2,ReadPos 90 2% Quantile QV,11
POSITIONAL QUALITY,Read2,ReadPos 90 5% Quantile QV,25
POSITIONAL QUALITY,Read2,ReadPos 90 10% Quantile QV,37
POSITIONAL QUALITY,Read2,ReadPos 90 25% Quantile QV,37
POSITIONAL QUALITY,Read2,ReadPos 90 50% Quantile QV,37
POSITIONAL QUALITY,Read2,ReadPos 90 75% Quantile QV,37
POSITIONAL QUALITY,Read2,ReadPos 90 90% Quantile QV,37
POSITIONAL QUALITY,Read2,ReadPos 90 95% Quantile QV,37
POSITIONAL QUALITY,Read2,ReadPos 90 98% Quantile QV,37
POSITIONAL QUALITY,Read2,ReadPos 90 99% Quantile QV,37
POSITIONAL QUALITY,Read2,ReadPos 91 1% Quantile QV,11
POSITIONAL QUALITY,Read2,ReadPos 91 2% Quantile QV,11
POSITIONAL QUALITY,Read2,ReadPos 91 5% Quantile QV,25
POSITIONAL QUALITY,Read2,ReadPos 91 10% Quantile QV,37
POSITIONAL QUALITY,Read2,ReadPos 91 25% Quantile QV,37
POSITIONAL QUALITY,Read2,ReadPos 91 50% Quantile QV,37
POSITIONAL QUALITY,Read2,ReadPos 91 75% Quantile QV,37
POSITIONAL QUALITY,Read2,ReadPos 91 90% Quantile QV,37
POSITIONAL QUALITY,Read2,ReadPos 91 95% Quantile QV,37
POSITIONAL QUALITY,Read2,ReadPos 91 98% Quantile QV,37
POSITIONAL QUALITY,Read2,ReadPos 91 99% Quantile QV,37
POSITIONAL QUALITY,Read2,ReadPos 92 1% Quantile QV,11
POSITIONAL QUALITY,Read2,ReadPos 92 2% Quantile QV,11
POSITIONAL QUALITY,Read2,ReadPos 92 5% Quantile QV,25
POSITIONAL QUALITY,Read2,ReadPos 92 10% Quantile QV,37
POSITIONAL QUALITY,Read2,ReadPos 92 25% Quantile QV,37
POSITIONAL QUALITY,Read2,ReadPos 92 50% Quantile QV,37
POSITIONAL QUALITY,Read2,ReadPos 92 75% Quantile QV,37
POSITIONAL QUALITY,Read2,ReadPos 92 90% Quantile QV,37
POSITIONAL QUALITY,Read2,ReadPos 92 95% Quantile QV,37
POSITIONAL QUALITY,Read2,ReadPos 92 98% Quantile QV,37
POSITIONAL QUALITY,Read2,ReadPos 92 99% Quantile QV,37
POSITIONAL QUALITY,Read2,ReadPos 93 1% Quantile QV,11
POSITIONAL QUALITY,Read2,ReadPos 93 2% Quantile QV,11
POSITIONAL QUALITY,Read2,ReadPos 93 5% Quantile QV,25
POSITIONAL QUALITY,Read2,ReadPos 93 10% Quantile QV,37
POSITIONAL QUALITY,Read2,ReadPos 93 25% Quantile QV,37
POSITIONAL QUALITY,Read2,ReadPos 93 50% Quantile QV,37
POSITIONAL QUALITY,Read2,ReadPos 93 75% Quantile QV,37
POSITIONAL QUALITY,Read2,ReadPos 93 90% Quantile QV,37
POSITIONAL QUALITY,Read2,ReadPos 93 95% Quantile QV,37
POSITIONAL QUALITY,Read2,ReadPos 93 98% Quantile QV,37
POSITIONAL QUALITY,Read2,ReadPos 93 99% Quantile QV,37
POSITIONAL QUALITY,Read2,ReadPos 94 1% Quantile QV,11
POSITIONAL QUALITY,Read2,ReadPos 94 2% Quantile QV,11
POSITIONAL QUALITY,Read2,ReadPos 94 5% Quantile QV,25
POSITIONAL QUALITY,Read2,ReadPos 94 10% Quantile QV,37
POSITIONAL QUALITY,Read2,ReadPos 94 25% Quantile QV,37
POSITIONAL QUALITY,Read2,ReadPos 94 50% Quantile QV,37
POSITIONAL QUALITY,Read2,ReadPos 94 75% Quantile QV,37
POSITIONAL QUALITY,Read2,ReadPos 94 90% Quantile QV,37
POSITIONAL QUALITY,Read2,ReadPos 94 95% Quantile QV,37
POSITIONAL QUALITY,Read2,ReadPos 94 98% Quantile QV,37
POSITIONAL QUALITY,Read2,ReadPos 94 99% Quantile QV,37
POSITIONAL QUALITY,Read2,ReadPos 95 1% Quantile QV,11
POSITIONAL QUALITY,Read2,ReadPos 95 2% Quantile QV,11
POSITIONAL QUALITY,Read2,ReadPos 95 5% Quantile QV,25
POSITIONAL QUALITY,Read2,ReadPos 95 10% Quantile QV,37
POSITIONAL QUALITY,Read2,ReadPos 95 25% Quantile QV,37
POSITIONAL QUALITY,Read2,ReadPos 95 50% Quantile QV,37
POSITIONAL QUALITY,Read2,ReadPos 95 75% Quantile QV,37
POSITIONAL QUALITY,Read2,ReadPos 95 90% Quantile QV,37
POSITIONAL QUALITY,Read2,ReadPos 95 95% Quantile QV,37
POSITIONAL QUALITY,Read2,ReadPos 95 98% Quantile QV,37
POSITIONAL QUALITY,Read2,ReadPos 95 99% Quantile QV,37
POSITIONAL QUALITY,Read2,ReadPos 96 1% Quantile QV,11
POSITIONAL QUALITY,Read2,ReadPos 96 2% Quantile QV,11
POSITIONAL QUALITY,Read2,ReadPos 96 5% Quantile QV,25
POSITIONAL QUALITY,Read2,ReadPos 96 10% Quantile QV,37
POSITIONAL QUALITY,Read2,ReadPos 96 25% Quantile QV,37
POSITIONAL QUALITY,Read2,ReadPos 96 50% Quantile QV,37
POSITIONAL QUALITY,Read2,ReadPos 96 75% Quantile QV,37
POSITIONAL QUALITY,Read2,ReadPos 96 90% Quantile QV,37
POSITIONAL QUALITY,Read2,ReadPos 96 95% Quantile QV,37
POSITIONAL QUALITY,Read2,ReadPos 96 98% Quantile QV,37
POSITIONAL QUALITY,Read2,ReadPos 96 99% Quantile QV,37
POSITIONAL QUALITY,Read2,ReadPos 97 1% Quantile QV,11
POSITIONAL QUALITY,Read2,ReadPos 97 2% Quantile QV,11
POSITIONAL QUALITY,Read2,ReadPos 97 5% Quantile QV,25
POSITIONAL QUALITY,Read2,ReadPos 97 10% Quantile QV,37
POSITIONAL QUALITY,Read2,ReadPos 97 25% Quantile QV,37
POSITIONAL QUALITY,Read2,ReadPos 97 50% Quantile QV,37
POSITIONAL QUALITY,Read2,ReadPos 97 75% Quantile QV,37
POSITIONAL QUALITY,Read2,ReadPos 97 90% Quantile QV,37
POSITIONAL QUALITY,Read2,ReadPos 97 95% Quantile QV,37
POSITIONAL QUALITY,Read2,ReadPos 97 98% Quantile QV,37
POSITIONAL QUALITY,Read2,ReadPos 97 99% Quantile QV,37
POSITIONAL QUALITY,Read2,ReadPos 98 1% Quantile QV,11
POSITIONAL QUALITY,Read2,ReadPos 98 2% Quantile QV,11
POSITIONAL QUALITY,Read2,ReadPos 98 5% Quantile QV,25
POSITIONAL QUALITY,Read2,ReadPos 98 10% Quantile QV,37
POSITIONAL QUALITY,Read2,ReadPos 98 25% Quantile QV,37
POSITIONAL QUALITY,Read2,ReadPos 98 50% Quantile QV,37
POSITIONAL QUALITY,Read2,ReadPos 98 75% Quantile QV,37
POSITIONAL QUALITY,Read2,ReadPos 98 90% Quantile QV,37
POSITIONAL QUALITY,Read2,ReadPos 98 95% Quantile QV,37
POSITIONAL QUALITY,Read2,ReadPos 98 98% Quantile QV,37
POSITIONAL QUALITY,Read2,ReadPos 98 99% Quantile QV,37
POSITIONAL QUALITY,Read2,ReadPos 99 1% Quantile QV,11
POSITIONAL QUALITY,Read2,ReadPos 99 2% Quantile QV,11
POSITIONAL QUALITY,Read2,ReadPos 99 5% Quantile QV,25
POSITIONAL QUALITY,Read2,ReadPos 99 10% Quantile QV,37
POSITIONAL QUALITY,Read2,ReadPos 99 25% Quantile QV,37
POSITIONAL QUALITY,Read2,ReadPos 99 50% Quantile QV,37
POSITIONAL QUALITY,Read2,ReadPos 99 75% Quantile QV,37
POSITIONAL QUALITY,Read2,ReadPos 99 90% Quantile QV,37
POSITIONAL QUALITY,Read2,ReadPos 99 95% Quantile QV,37
POSITIONAL QUALITY,Read2,ReadPos 99 98% Quantile QV,37
POSITIONAL QUALITY,Read2,ReadPos 99 99% Quantile QV,37
POSITIONAL QUALITY,Read2,ReadPos 100 1% Quantile QV,11
POSITIONAL QUALITY,Read2,ReadPos 100 2% Quantile QV,11
POSITIONAL QUALITY,Read2,ReadPos 100 5% Quantile QV,25
POSITIONAL QUALITY,Read2,ReadPos 100 10% Quantile QV,37
POSITIONAL QUALITY,Read2,ReadPos 100 25% Quantile QV,37
POSITIONAL QUALITY,Read2,ReadPos 100 50% Quantile QV,37
POSITIONAL QUALITY,Read2,ReadPos 100 75% Quantile QV,37
POSITIONAL QUALITY,Read2,ReadPos 100 90% Quantile QV,37
POSITIONAL QUALITY,Read2,ReadPos 100 95% Quantile QV,37
POSITIONAL QUALITY,Read2,ReadPos 100 98% Quantile QV,37
POSITIONAL QUALITY,Read2,ReadPos 100 99% Quantile QV,37
POSITIONAL QUALITY,Read2,ReadPos 101 1% Quantile QV,11
POSITIONAL QUALITY,Read2,ReadPos 101 2% Quantile QV,11
POSITIONAL QUALITY,Read2,ReadPos 101 5% Quantile QV,25
POSITIONAL QUALITY,Read2,ReadPos 101 10% Quantile QV,37
POSITIONAL QUALITY,Read2,ReadPos 101 25% Quantile QV,37
POSITIONAL QUALITY,Read2,ReadPos 101 50% Quantile QV,37
POSITIONAL QUALITY,Read2,ReadPos 101 75% Quantile QV,37
POSITIONAL QUALITY,Read2,ReadPos 101 90% Quantile QV,37
POSITIONAL QUALITY,Read2,ReadPos 101 95% Quantile QV,37
POSITIONAL QUALITY,Read2,ReadPos 101 98% Quantile QV,37
POSITIONAL QUALITY,Read2,ReadPos 101 99% Quantile QV,37
